key,a_1,a_2,a_3,a_4
#.##.#r#r##.@..#.#.##p#E.2,-172.43451878204698,-189.19983042243382,-176.2392878170972,-143.671341534495
#.##.#r#r##.@..#.#.##p#E.1,-254.51508152498977,-236.15771008200718,-251.10031148178962,-249.29757899998762
#.##.#r#r##.@..#.#.##p#E.0,-275.780725052323,-263.62976259312484,-277.04500756738133,-265.8900414533713
##m..##.####@#.##...##.#.0,-336.7021723037054,-341.08638595271407,-337.17733688716135,-341.4943751420303
m.#..####.##@...##.#.####2,0.0,-5.5,0.0,0.0
m.#..####.##@...##.#.####1,158.5554892298971,309.694672743032,157.8679892298971,98.82865948659807
##m..##.####@#.##...##.#.3,-71.16733396313651,-110.18674591263013,-129.24542159864626,-110.68634278725324
m.#..####.##@...##.#.####0,99.93177647165263,160.43322838698526,95.06745661910017,70.79476171082004
##m..##.####@#.##...##.#.2,-140.81739384517044,-225.55482625890525,-216.50479411501385,-186.48287461342346
##m..##.####@#.##...##.#.1,-208.9082237589318,-339.43378952327635,-340.40012717530124,-347.0212474015075
..#..####.##@...##.#.####0,-20.625,110.50181210888874,-19.25,-19.25
#..#####r#..@..#..#.pm.X.1,396.85466583275934,451.42598927605513,580.241131804647,352.4981858032769
..#..####.##@...##.#.####1,300.1935105042621,371.1385137396818,256.5088586094068,293.1848656128004
#..#####r#..@..#..#.pm.X.0,496.3089229138626,441.14633414626303,577.1773045891551,441.3705537434273
..#..####.##@...##.#.####2,-27.131426837005847,206.92011611469698,-5.800053186197186,-20.21795819257477
..##...####.@..#.##...#p.0,28.30503876825076,100.25679804182565,0.0,0.0
..##...####.@..#.##...#p.1,78.45749991454103,-10.9266012385404,94.97124990029786,146.788888762283
.#.#....#.##@mp#.###...##2,77.66686223325178,-16.003705481612176,21.724975027541475,13.401451890822988
..#####.##..@.#..#.#m.X.#1,26.11046464906171,382.3232497798758,36.82092358331131,59.09847224932529
.#.#....#.##@mp#.###...##1,-61.36173260769346,-321.29191524109535,-166.1261936262602,-159.90602178626625
..#####.##..@.#..#.#m.X.#0,393.42084002576826,473.829789749852,440.4615453764545,509.2169691210215
.#.#....#.##@mp#.###...##0,-99.32789339108588,-369.41383577133803,-187.825730073364,-167.8324914803678
##.####.#.##@..##.#.##p#E2,-216.21177765917605,-219.21809023890395,-213.65099575964382,-222.51535741312617
##.####.#.##@..##.#.##p#E1,-269.01050940850286,-251.86867724193058,-227.39492797132874,-252.14875507196746
##.####.#.##@..##.#.##p#E0,-335.5599000966143,-336.2534922535573,-332.24486110966177,-334.52252789419106
...m.#..#.p.@X.#.##r..###0,570.151394265817,723.9630927009166,629.0774068366453,575.6379643480291
...m.#..#.p.@X.#.##r..###2,0.0,363.9128844164925,0.0,0.0
...m.#..#.p.@X.#.##r..###1,571.2038968199079,728.8821480443463,630.8662325437895,569.5593556760012
##.mp#.###..@###.#.##E..#0,-340.2578298765025,-332.7051940328342,-336.93952613830487,-336.75882229976
##.mp#.###..@###.#.##E..#3,-207.0408701885326,-205.7948982082034,-205.00897410863584,-170.98771935720936
##.mp#.###..@###.#.##E..#2,-251.22456463843014,-272.08092286361443,-258.39324097296463,-204.88324848430048
##.mp#.###..@###.#.##E..#1,-346.84056064356594,-347.0611173382567,-327.7889777721323,-276.20559609909253
.#.##....#.#@#.p#E..#####0,-338.0478185770555,-342.5102584165723,-336.0361580873355,-344.7099603683904
.#.##....#.#@#.p#E..#####2,-214.36350692780312,-244.73713013822243,-255.39564971939188,-245.2106143267449
.#.##....#.#@#.p#E..#####1,-244.2008879482146,-264.11461737883747,-273.2137311678026,-268.3987026055686
.#r##....#.#@#..#E..#####0,-205.8621431838756,-236.31285508717178,-255.4788260447517,-235.83788362463807
.##.m.#.##..@.#m#.#.p#E..1,-346.7299056348307,-342.672471193158,-341.6593442506354,-339.2653296939842
.##.m.#.##..@.#m#.#.p#E..0,-234.87951426396972,-247.19103823512518,-231.87660211489185,-186.0088298504433
.#r##....#.#@#..#E..#####2,-185.8323936923652,-221.43585008434897,-244.84025407127353,-221.79736949474358
.#r##....#.#@#..#E..#####1,-321.81308765280494,-321.20172711040976,-321.7423845811935,-317.4924045942337
.##.m.#.##..@.#m#.#.p#E..2,-266.48486210506553,-266.5817614226304,-272.4600015557513,-232.93758398461074
.#....#.#...@#.##.mp#.###0,-29.189469499965234,-138.32647976236757,-149.7104770611204,-147.20314122093453
.#....#.#...@#.##.mp#.###1,20.234370512487484,-39.409055329596406,-123.1848273421314,-74.3397981493822
.#....#.#...@#.##.mp#.###2,117.12133203885546,70.77590283146938,46.84667892174191,44.98299537996053
..##...####.@..#.##...#..1,-16.5,0.0,0.0,-7.5
...##.#....#@##..p#p#####0,-11.25,79.86473751960094,158.84060423880214,39.13699286834339
...##.#....#@##..p#p#####1,0.0,-19.5,-11.304375,-19.5
..##...####.@..#.##...#..2,0.0,-5.5,0.0,0.0
.#r##....#.#@#..#E..#####3,-185.26642274351514,-218.802950309861,-233.6358725985845,-218.8086557119043
##.#.#..#.#.@..#.##.#.#r#0,-174.7966716953233,-103.40387646674782,-171.2863920761637,-185.90577690478617
##.#.#..#.#.@..#.##.#.#r#1,-118.91925777311347,-39.844546370345924,-136.46891935887294,-91.51116626402067
##.#.#..#.#.@..#.##.#.#r#2,-21.375016949082205,44.146891522541154,2.1863614807931677,-21.24156318668919
##.#.#..#.#.@..#.##.#.#r#3,-15.5,-20.25,-19.0,0.0
...##.#....#@##...#.#####1,0.0,-22.75,15.659183380454678,-24.375
##..##p..X##@##...###.###1,575.7313562516188,460.21783208319516,129.35583793576143,419.76974226228447
##..##p..X##@##...###.###0,572.9041449363076,500.54207106912276,457.24364786858155,503.77963350227657
.#....#.#...@#.##..p#r###0,-105.26912048943115,-119.28783770791117,-109.49570580220274,-125.711186831444
.#....#.#...@#.##..p#r###1,45.7303589617722,61.92281127650102,104.31771406862393,-23.62871465942861
######..#..#@#.......##..0,-200.33410121539657,-188.08811994248595,-187.23869940514345,-191.50941795361422
r#r##....#m#@#.p#E..#####2,-211.29369140088374,-232.33527813234832,-239.47481743584063,-233.81858567562398
.#....#.#...@#.##..p#r###2,102.34866278137804,55.93563301549689,102.60707656292229,38.56091915026184
r#r##....#m#@#.p#E..#####1,-267.499658829302,-296.89378382252835,-317.04857922954295,-304.07292408494413
######..#..#@#.......##..1,-182.63117387045725,-180.37221643121012,-153.13204130787415,-175.1671623579449
######..#..#@#.......##..2,-5.69068672329519,17.987491796678363,-104.20929408240482,19.54344843746071
######..#..#@#.......##..3,-21.75,0.0,-12.5,-18.0
...##.#....#@##.mp#p#####1,319.0648691148999,176.00254551775967,213.0696126588517,158.81604602921215
...##.#....#@##.mp#p#####2,98.21545879635252,58.290365392746736,234.42070902693365,67.9178906253903
#..#..#.....@##...##.#.m.3,-10.5,-27.5625,-8.5,-15.75
#..#..#.....@##...##.#.m.2,154.353216764198,185.68849900387323,238.97277203373264,152.39889930271838
...##.#....#@##.mp#p#####0,315.81194312617436,228.48187696281664,224.55401600954224,231.5483597141337
#..#..#.....@##...##.#.m.1,-148.28965184304792,-118.09174861989868,-128.57990139456518,-83.62703324098604
.#.#....#.##@.p#.###...##0,-107.97462528420826,-103.80212994686579,-117.95386458983961,-116.59538068428259
.####..##..#@##E..#######3,-326.95569932456124,-326.37544047562915,-298.27798227356317,-326.4171958031119
.#.#....#.##@.p#.###...##2,76.65652264800764,158.15114822374284,99.7198313548947,-93.74738156036756
.####..##..#@##E..#######1,-349.26265590577214,-352.4145816633831,-343.53672384364495,-349.63664142615744
.#.#....#.##@.p#.###...##1,76.64773746112519,68.05948786809898,70.98287478333643,54.38207556263166
.####..##..#@##E..#######2,-320.0233938302397,-321.6126286628835,-287.71158355796547,-319.2736798703571
#..#..#.....@##...##.#.m.0,-43.61404266939969,-105.0027758515451,-17.703781051944464,-5.906560400634904
.####..##..#@##E..#######0,-336.94964079175594,-336.58421820692786,-308.1917465348676,-335.45062484012226
###r#.....#.@#....X.#.##r0,-5.25,-10.5,-1.5,0.0
#..#####.#..@..#..#....X.1,-13.125,-4.5,-3.75,-4.5
m...#.##.mr#@##.m..#m#.#.3,-251.94340558372454,-254.46263528116998,-223.06618305825972,-272.3483701886207
.#....#....#@#....#.##.m.2,122.7992087848651,67.93267652827183,39.740497367088686,60.92258399617602
.#....#....#@#....#.##.m.1,-80.39892329520208,-141.45095254898635,-129.7034539615841,-136.15443136103568
.#....#....#@#....#.##.mp2,155.5777766281534,106.64660314751248,80.4068948393786,108.51013554307156
.#....#....#@#....#.##.mp1,-90.63887453117201,-90.52866863528695,-93.70941843008016,-88.22793957195447
.#....#....#@#....#.##.mp0,-6.3952044413828135,-140.98091749831593,-134.4605852474625,-145.71293607675173
###r#.....#.@#....X.#.##r1,-7.275,-7.0,0.0,-143.07753861011474
######.#..#.@#..#......##0,-184.01226330284015,-181.19670859890397,-177.01046146944924,-178.32074206807323
######.#..#.@#..#......##1,-158.35730682119356,-190.8538698009652,-155.98810029560116,-150.13212983709184
######.#..#.@#..#......##2,88.50638882135192,89.281573821726,124.62350215794976,61.84479036303193
m...#.##.mr#@##.m..#m#.#.2,-303.7048437664239,-283.7358181892996,-232.65252647217733,-283.74668340801804
#..#####.#..@..#..#....X.0,-8.0,105.50552854095342,-3.75,-6.075
.#....#.##..@#p#####.##..2,219.15785982003183,173.8611864822601,165.95281457228833,142.53618219218822
.#....#.##..@#p#####.##..1,261.52382978499577,208.25499864261707,209.4625024269892,134.92190856571267
.#....#.##..@#p#####.##..0,188.0462886015415,199.89249233732613,199.67688427565838,162.08479163143969
......##..p#@..###.##...#2,363.3553615139921,453.7754226988435,182.51913151112132,303.83510026263366
......##..p#@..###.##...#1,284.15384916694495,569.0386092055635,444.9003772168396,330.2740312251568
##...##.####@#r##...##m#.2,-52.24917397186772,-92.72029522808404,-165.02147985200912,-94.66660976479686
##...##.####@#r##...##m#.1,-136.11165927358093,-248.94632215475107,-287.3496683684831,-236.13581180544173
##...##.####@#r##...##m#.0,-193.63291530315553,-199.66977097492205,-198.04242159308396,-205.81602919147517
....#.#.#.p#@..##########0,-337.4484455432956,-334.6433907642269,-333.7757240108335,-340.80753197899753
r#r##.m..#m#@#.p#E..#####2,-241.36111304164237,-280.6821653996461,-294.82677935218226,-287.6875126841484
....#.#.#.p#@..##########1,-251.3214333685077,-292.77978894894306,-280.2903041016423,-280.2490658354034
....#.#.#.p#@..##########2,-236.19034597784255,-265.3523986836776,-261.8704549802105,-261.8416377813072
############@####.#.##..#2,-176.11350696561053,-176.10991961804376,-140.06450149095244,-176.18189202832525
############@####.#.##..#0,-219.04153884374352,-219.04788638970996,-187.88029557013863,-256.3115403623698
############@####.#.##..#1,-252.01103008667835,-256.8150736038442,-247.27110369479436,-253.46807318992362
##.####.#.##@.####.###..#1,-240.5249577968746,-237.45806395512088,-238.7617225179996,-240.2983183710325
##.####.#.##@.####.###..#2,-140.0138836384493,-83.42695942285035,-121.09082514619858,-121.0902992694425
....#.##...#@##....#.#.#.1,-258.953555530407,-258.7641588356619,-219.8726811539397,-260.2947970115486
.##.mr#.##.m@.#m#.#.p#E..3,-256.07491722313523,-240.32427849243305,-248.00138328510272,-214.42145605288738
....#.##...#@##....#.#.#.2,-235.87466251561972,-236.01864447917714,-202.98597394508266,-236.01140785017324
#####.#.p#.#@.#...###..##2,-89.69497618429523,-94.30343446090905,-42.7750240753969,-76.71330731732726
##.####.#.##@.####.###..#0,-187.8337276558965,-142.79812237179425,-174.33700684827676,-174.44793816123945
#####.#.p#.#@.#...###..##1,-107.98152643791236,-92.61920453775912,-132.41923309564123,-123.99282820458522
#####.#.p#.#@.#...###..##0,-178.8129064160182,-173.08664289730962,-177.0795300627039,-176.62055871057868
.##.mr#.##.m@.#m#.#.p#E..2,-257.3129374849533,-278.4701961247287,-286.7056601955634,-206.77554993482917
##..#####r..@..##..##p..X0,0.0,53.40367580340676,0.0,87.3445305961128
....#.##...#@##....#.#.#.0,-246.1239848259729,-246.42138781110242,-215.0344873921747,-246.29883813958588
##.mp#r###m.@###.#.##E..#2,-282.40591681345035,-277.3532077039101,-284.29481823791724,-249.90518929604065
##.mp#r###m.@###.#.##E..#3,-250.05988749797467,-244.52232492026917,-239.30162619298073,-202.16745711698138
r#r##.m..#m#@#.p#E..#####3,-193.6058944255148,-237.0182936217195,-249.5661699980725,-236.23729627042047
..##...####.@.r#.##.mp#pm2,363.5124628414572,430.86692766907413,362.3013739880214,171.63591380203013
.#.##....#m#@#.p#E..#####2,-272.2914216414743,-275.15753174864074,-270.2715218654421,-269.9983037324931
.#.##....#m#@#.p#E..#####1,-329.44741073708497,-348.7547656708228,-339.37496581727635,-340.6704447767121
.#.##....#m#@#.p#E..#####0,-209.2205682307013,-240.55867121689326,-253.44523461621884,-241.8045022099185
##.#.#..#.#.@..#.##.#.#.#3,0.0,-13.5,0.0,0.0
..##...####.@.r#.##.mp#pm1,357.8429999166089,427.13868805553744,363.94439898902294,318.8524115375658
..##...####.@.r#.##.mp#pm0,360.51940398420936,424.50434006206206,363.45776118335766,319.42567647882345
##.#.#..#.#.@..#.##.#.#.#2,-21.660395195155804,44.35702638745535,1.5114515678134335,-22.38393635155741
##.#.#..#.#.@..#.##.#.#.#1,-147.50118447424398,-46.42094611595526,-139.72111575887277,-108.25833304474214
.##...####..@r..##..p#pm.2,417.91926047570854,489.903579273128,416.4986882643763,369.75415527687153
##.#.#..#.#.@..#.##.#.#.#0,-154.63665174303733,-75.09754461061314,-168.7816639378389,-153.8197401674724
.##...####..@r..##..p#pm.1,413.91720314324937,487.80070220215805,419.3664268286184,371.98867853894035
.##...####..@r..##..p#pm.0,416.5993720671722,486.4975708995394,416.2456929669104,368.2999158979231
r####..##..#@##E..#######1,-330.4159412747023,-334.99699544099656,-301.4243080144964,-335.033777416709
.##.m.#.##..@.#.#.#.p#E..0,-338.3930861124587,-336.79551757238954,-337.0251200121213,-336.7183171369893
r####..##..#@##E..#######2,-341.0825933755558,-340.3881538427381,-332.24406872784544,-341.1858282234874
#...X##.##..@###.########1,385.32620206191746,370.6416254002062,379.6042490012445,367.43892873873733
.##.m.#.##..@.#.#.#.p#E..2,-237.37869858406106,-237.43320622040216,-236.57351068896003,-200.60644567512878
r####..##..#@##E..#######3,-327.5138891226768,-327.6787988199155,-299.02305195625195,-327.3920583019092
#...X##.##..@###.########0,21.434158568606136,95.73341117997253,99.53344837222133,176.45663323331556
.##.m.#.##..@.#.#.#.p#E..1,-271.2802148506314,-266.40205245023776,-258.2775692153349,-234.5924636781391
r####..##..#@##E..#######0,-333.0229265136443,-332.82718459793216,-303.06247496396384,-333.48222096545425
#...X##.##..@###.########2,486.54032211681965,54.7650658571381,397.4803622867447,192.69539972526337
...m.#..#.pm@X.#.##r..###0,577.345924559297,718.9332559491343,631.7089958517324,-363.5330801788915
#.#r.#..#..#@.....##...##1,-149.47836219740287,-172.50839750222121,-149.0042134368763,-156.3345941513153
####r....m##@.##p..X##.##1,282.4138455466012,567.3919879411278,92.47337388892345,394.32553018954826
...m.#..#.pm@X.#.##r..###1,569.4303978134947,718.597949641586,625.5885808630103,142.638422952298
#.#r.#..#..#@.....##...##2,40.15398514089749,107.1738189581367,194.5878229062535,33.325491740124924
##..####.###@.###...##.##2,-60.848321754071364,-22.20453712915116,-19.88206975097512,-61.162944561210494
#.#r.#..#..#@.....##...##3,0.0,-24.3375,-9.5,0.0
##..####.###@.###...##.##1,-176.35760079609923,-142.67161433223873,-86.42992456279683,-170.12936869877203
##..####.###@.###...##.##0,-198.81152922229617,-184.9018721817015,-171.88450179895904,-192.78103220212148
##..#####r..@.m##..##p..X1,254.46171175668624,332.7634934970961,360.77456553877516,114.91317817376506
####r....m##@.##p..X##.##0,454.59374863145797,569.3870538513313,575.5148714362904,504.1488861806227
...m.#..#.pm@X.#.##r..###2,575.0549200533604,726.5399336748171,633.1868737472211,535.7527721821257
##..#####r..@.m##..##p..X0,444.35223742194967,494.3010309925834,514.5944645735533,301.46052102067443
###r#...m.#.@#.p..X.#.##r0,494.97090259605864,568.8577191648322,640.428141439317,513.4072456215492
###r#...m.#.@#.p..X.#.##r1,404.8481132352331,535.3961593043189,637.560129116765,420.1214810387004
####.r###..#@.#..#..#.#..1,-179.4552704966261,-133.95432467630621,-190.89887291937822,-181.73787271135137
####.r###..#@.#..#..#.#..0,-199.8233135051711,-161.46456088269207,-205.0606928195531,-199.87969749670484
####.r###..#@.#..#..#.#..3,-18.0,-33.51875,-35.1,-39.6
####.r###..#@.#..#..#.#..2,34.96482797441769,63.72242474587864,34.95500906484659,35.11374746499136
####r.....##@.##...X##.##0,0.0,-2.5,0.0,0.0
####r.....##@.##...X##.##1,-6.75,0.0,-3.75,-12.0
..##...####.@..#.##.mp#pm1,284.11918009277974,388.38066205004293,293.6965031279253,318.36166340829095
r#r##....#.#@#..#E..#####3,-152.23708245438442,-131.6965546875,-206.17723233067002,-130.0551328125
..##...####.@..#.##.mp#pm0,318.6360576198148,393.4203405552127,307.34029501234545,299.8422770931636
r#r##....#.#@#..#E..#####2,-186.14261628684898,-221.0754303351187,-233.88553658980942,-220.45122610375142
r#r##....#.#@#..#E..#####1,-232.33731340598786,-256.5758810967002,-254.6450178141102,-256.38604324945277
#######r####@#.##..####.#0,-173.88985787660383,-195.15447841674882,-191.42708277876807,-195.0992858123347
##r#r##...##@#.##.#E#####2,-140.9984509894523,-189.41373300000245,-197.901291292626,-180.56519640612294
..##...####.@..#.##.mp#pm2,-18.33138001298227,-9.625,-20.625,144.3276247767438
##r#r##...##@#.##.#E#####1,-238.25951354726436,-233.31267661798884,-252.76482726305017,-240.00672753232124
##r#r##...##@#.##.#E#####3,-99.38397532567515,-137.01189451794974,-156.35817021736784,-137.13063846064637
r#.##....#.#@#.p#E..#####0,-295.67616442125245,-305.9351544753911,-303.3723792683618,-291.7701110570732
....#.##.m.#@##....#.#.#.1,-266.9521126910012,-267.1731526336888,-239.91881135119155,-266.84429919293547
....#.##.m.#@##....#.#.#.0,-257.0841674022077,-258.6478581991828,-232.59907156587508,-258.9693064747645
.#.#....#.##@.p#r###...##2,63.52232957026884,142.26818930757176,93.993592632585,1.3919078201331985
.#.#....#.##@mp#r###...##1,-49.266534027569925,-212.630240184306,-167.35704342878313,-147.63226821960626
.#.#....#.##@.p#r###...##1,68.99755624933383,165.7256996821876,89.49041196994335,97.75502386234022
.#.#....#.##@mp#r###...##0,-93.32876411535217,-365.37415554389906,-191.91428893880413,-187.349436453273
.#.#....#.##@.p#r###...##0,-107.99177969647172,-111.12732281213017,-107.26757675157985,-115.88400843095332
.#.#....#.##@mp#r###...##2,80.32669549581793,-32.7694668309428,34.95584433322284,32.9490638347617
....#.##.m.#@##....#.#.#.2,-239.34839260776482,-238.57258923940802,-198.38727624936854,-238.97775176007218
r#.##....#.#@#.p#E..#####2,-192.6437168881027,-223.4292569093903,-244.19547145833502,-222.91920879590924
r#.##....#.#@#.p#E..#####1,-259.2381215552593,-259.6608517124213,-271.1259886086433,-259.72387352090396
#######.#.##@.#..#..#...#0,-179.7638935780565,-177.84989142108464,-180.58583261784236,-177.9540679788343
#######.#.##@.#..#..#...#1,-147.545826417816,-150.99378780395958,-159.55845171915007,-158.82463250389748
#######.#.##@.#..#..#...#2,28.724015941879525,97.66830706182809,51.844422583961936,50.109512062909666
#.#r.#..#..#@.....##...##0,-186.30613572793624,-183.2309417258619,37.73352297543647,-184.92435480245638
...##.#.##.X@####.#######1,0.0,-6.0,0.0,627.000472576478
...##.#.##.X@####.#######0,154.5364825346631,580.990858555573,240.5305109862906,717.6261754071487
.#....#.#...@#.##.m.#r###2,76.17426870406709,0.0,14.009801632500185,12.139440180113777
.#....#.#...@#.##.m.#r###1,-181.71831268911217,-189.2646434960056,-217.6959609486989,-181.69122863140063
.....#..#...@X.#.##r..###1,-2.5,535.5665809913928,151.34167105393482,41.32991799989072
.....#..#...@X.#.##r..###0,-2.5,0.0,-11.953125,-3.75
..#..#.#....@.###..#####r1,-177.5993644919554,-172.60156958290148,-172.286627914484,-160.55619514197713
..#..#.#....@.###..#####r2,-1.886445982667237,-146.00946557780162,-17.315341726045602,57.93142717108786
r#r##....#.#@#.p#E..#####2,-187.01011994159686,-219.4825865600656,-241.94374757031883,-220.0994057739399
r#r##....#.#@#.p#E..#####1,-233.0082194668097,-258.6500620636609,-271.25879066880117,-258.09415349497016
#.##.#r#r##.@..#m#.##p#E.2,-169.33208872466875,-206.81358696771667,-181.69153038630228,-119.1052105840705
r#r##....#.#@#.p#E..#####0,-257.5919544055375,-263.8769564628177,-274.18317374228457,-253.5619829364333
#.##.#r#r##.@..#m#.##p#E.1,-291.9378594162821,-268.85347987771735,-282.2020815732696,-287.5076106573531
.##...####..@...##..p#pm.1,361.10629074778876,446.8757970555532,383.14912409820363,323.2734835627035
.##...####..@...##..p#pm.0,381.481329116481,451.672083771845,354.30613383534694,339.8942769494995
#..#####r#..@m.#..#.pm.X.2,500.8025946890399,415.04251311653013,571.9681280659349,448.582044064436
.##...####..@...##..p#pm.2,185.45234264486282,450.78469845006697,-17.5,-12.59375
#..#####r#..@m.#..#.pm.X.1,501.2446440418542,349.3442582980732,570.6123530571876,445.63832918772994
##.####.#.##@..##.#.##.#E1,-278.1530574419439,-343.4424557004804,-321.4197630707423,-341.761932751922
##.####.#.##@..##.#.##.#E0,-221.5352698924878,-216.44610840575837,-220.9872984800134,-221.253095615892
##.####.#.##@..##.#.##.#E3,-100.72168530804262,-155.31179022836488,-155.30568186864156,-138.24148399003263
#######r####@#.##..####.#2,-131.26307296760632,-149.7983010492924,-112.69622479982743,-150.1773263249973
#######r####@#.##..####.#1,-214.55521112537645,-205.30838636252378,-218.11895781898068,-225.3387135253097
##.####.#.##@..##.#.##.#E2,-152.4441858912326,-256.2582002019851,-240.02438833935767,-199.91821485128887
.....#..#...@X.#.##r..###2,-2.5,366.03634366531264,-6.0,0.0
#..#####r#..@m.#..#.pm.X.0,498.5411784565041,-372.3882388368579,565.4268286581762,447.0230632063058
##.####.#r##@..##m#.##p#E0,-202.09466144128385,-198.21990698989515,-354.32118159712513,-207.76708423014549
##.#r##...##@#.##.#E#####0,-166.99441644222492,-199.81430510387227,-228.53999256084404,-199.2737741103533
#.#....#.##.@p#r####..##.0,2.073696070931299,-53.46028583531921,-1.0041092822378408,27.56197753389246
##.####.#r##@..##m#.##p#E2,-179.19693296669726,-243.72560251708907,-247.14710264210095,-237.87479483171825
##.####.#r##@..##m#.##p#E1,-320.64867221384867,-322.7747728986593,-337.17090846452425,-327.3989764469399
##.#r##...##@#.##.#E#####3,-131.71678871665145,-165.78185765831344,-175.734390837479,-166.55855681248403
##.#r##...##@#.##.#E#####2,-196.7696198890771,-221.27113270826158,-232.9126494426318,-224.53259401497593
##.#r##...##@#.##.#E#####1,-332.7124760577781,-341.70507635708816,-331.83761282975814,-334.818245964024
############@#r##..#..#..2,-9.584916039540559,-2.0723484342341276,44.54332586167892,6.673469694171271
############@#r##..#..#..1,-194.28315368993907,-185.75465126988115,-187.96241609042767,-187.99240689042165
############@#r##..#..#..0,-190.92785247016957,-192.12484476703344,-189.48734822833745,-187.80801200865753
.#..#...###.@#####r#...m.2,-24.992992666253933,-30.0,-39.0,-29.697598552053844
#.##.#.#r##.@..#m#.##p#E.1,-326.62854353728505,-317.7667704513552,-324.9565216614957,-318.94622455453054
#.##.#.#r##.@..#m#.##p#E.0,-190.84689484715736,-207.6435263898187,-191.98439508823594,-198.73430849415544
.#..#...###.@#####r#...m.0,-65.03932812849644,-39.0,-68.23062499999999,-36.4
.#..#...###.@#####r#...m.1,-50.041147896756215,-92.81078865479714,-95.03736027150612,-56.16009596016177
#.##.#.#r##.@..#m#.##p#E.2,-251.3799154700415,-254.4820604994608,-264.2352270701133,-216.691578702749
######.#r.#.@#..#......##0,-189.73678342102448,-196.5502205969872,-161.39153250043364,-188.8979692303526
######.#r.#.@#..#......##1,-153.56192755371248,-187.7304461106518,-148.83556383681858,-187.74374195725974
######.#r.#.@#..#......##2,7.505540250549394,5.22662267021345,123.65124896455656,18.662565339629474
mp#p.####.##@...##.#.####0,161.48198805655852,309.86192985269804,197.07053100026684,198.86649109181866
..##...####.@..#.##.mp#..1,-19.25,-5.5,-16.5,64.76041276872039
###r#...m.#.@#.pm.X.#.##r2,513.0705341936223,570.9398671812096,649.3624774092643,513.6248852615647
###r#...m.#.@#.pm.X.#.##r1,514.9117834793472,565.4935572722761,642.3775790468114,507.24852015968474
###r#...m.#.@#.pm.X.#.##r0,507.0521942414203,567.5828683833288,648.6485064593013,511.6404972069795
...##...##.#@m..#.##.mp#p2,239.1070392215584,330.4189356943509,238.7092315252927,273.6912523696477
.##.mr#.##..@.#m#.#.p#E..2,-235.47923919810077,-239.22959338447333,-226.11579295159407,-200.23288550860553
#.##.#.#r##.@..#.#.##.#E.0,-198.21700435235647,-208.58666174023435,-199.1790863615659,-166.96590500837067
...##...##.#@m..#.##.mp#p1,110.23294895285201,-91.77111565835557,173.47565500174107,131.91303287845886
r.#..#.#....@.###..#####r3,-83.75080078124999,-59.478515625,-86.60795239257811,-63.04245634320008
..#.p#.#....@.###..#####r1,-146.68501462677787,-141.8548770604395,-147.99149248471235,-142.4014890622264
#.##.#.#r##.@..#.#.##.#E.1,-332.4100124318992,-319.13263340926505,-331.92141118116774,-325.6947493751005
..#.p#.#....@.###..#####r2,-0.13017328224823288,-6.859126091734228,-137.20514498482208,58.83671540291569
.##.mr#.##..@.#m#.#.p#E..1,-286.9958128495409,-308.1281397186118,-298.6060516618978,-221.8452851296269
#.##.#.#r##.@..#.#.##.#E.2,-215.91599439102777,-217.1799689759741,-221.12608364826752,-206.31733287611632
#.##.#.#r##.@..#.#.##.#E.3,-165.63378752719268,-185.26116419456633,-166.20512879330875,-133.14847135048086
.#.m..#.##.m@#p#####.##..2,237.4971164233154,185.41034390663214,186.78889077199378,-89.5338240200857
.#.m..#.##.m@#p#####.##..3,-21.53125,78.68287049375601,83.6731579104235,134.61420405552528
##m..##.####@#r##...##.#.0,-299.57415206525343,-308.7616736832336,-270.02317138884916,-308.04155183848025
##m..##.####@#r##...##.#.3,-70.9006596141227,-117.69023347875505,-133.6163108258424,-117.23542885105371
##m..##.####@#r##...##.#.2,-150.96897157963718,-215.58909393547708,-209.1219976421797,-217.38825536044192
##m..##.####@#r##...##.#.1,-330.42196602438173,-330.4517277982585,-331.7814882586721,-336.76530373252695
.#.m..#.##.m@#p#####.##..1,-76.99854125667875,-85.0825931068791,-170.40048179082928,-152.56664588830466
..#p.####.##@...##.#.####1,-0.07346035769393389,54.07239693772584,-28.11875,2.0549627794239096
..#p.####.##@...##.#.####0,23.138631939348215,398.0040547191047,335.8445977018914,335.8784526401131
...##...##.#@m..#.##.mp#p0,-11.386756051342973,-372.8478166794827,34.46406706993392,-15.381833367039512
#.#....#.##.@p#.####..##.0,-1.1804681765287022,118.6857234032481,-22.5,52.21647366231638
############@#.##..#..#..0,-180.89455100420946,-182.0729651144619,-178.8576507238579,-178.432470310573
############@#.##..#..#..1,-152.44595527786356,-147.00214490395206,-148.16776307679726,-158.1216293966778
############@#.##..#..#..2,20.08480087149966,18.747022722478007,62.48988950063914,19.478073761495565
#.#......###@.#####r....m0,-36.154697016415845,-50.254999999999995,-36.8125,-44.275
#.#......###@.#####r....m1,-12.937530718327565,-80.3887784392167,-55.96496309260414,-62.0730530935177
#.#......###@.#####r....m2,-124.21833285225838,-38.39641914760726,-23.188463119037053,-23.002444377166977
.#.#....#.##@..#.###...##1,-158.77765664543392,-117.12126312450408,-173.5497749821002,-176.2588846268497
.#.#....#.##@..#.###...##2,62.9081904078789,107.16173439329737,36.56319640868257,51.36900068837776
.#.#....#.##@..#.###...##3,-18.75,-29.7290625,-28.725,-36.4375
##...##.####@#r##...##.#.0,-167.7983265352557,-173.98194688106219,-166.08949012841407,-160.1091535055116
##...##.####@#r##...##.#.1,-120.69460389060087,-154.44454645463054,-198.76783229324326,-154.6445733294535
##...##.####@#r##...##.#.2,-53.96182178039113,-94.33683823391607,-117.50368969195492,-94.38924623214172
#.##.#.#r##.@..#.#.##p#E.0,-290.4623527715141,-289.0614171042644,-292.8458927781686,-291.4466310839142
r.#..#.#....@.###..#####r1,-165.07412769833007,-166.50199908878585,-171.66445702990137,-159.95197849255612
####r....m##@.##...X##.##1,381.564725001738,581.1449610361417,575.4817428201598,496.78035840293865
.##...#.##..@.#m#.#.p#E..1,-213.4245913701102,-221.28100887573893,-220.31689165486267,-168.6461080768911
####r....m##@.##...X##.##2,300.02938509389645,534.5933328472074,549.1659692271737,439.2665940752231
.##...#.##..@.#m#.#.p#E..2,-126.81448254518057,-184.39583524856084,-214.78289848826546,-185.3032595824937
r.#..#.#....@.###..#####r2,-12.05739988160207,3.8378790354663197,-39.313253831628074,79.72566252123312
r#.##.m..#m#@#.p#E..#####3,-246.73311522474683,-273.1496108616469,-267.70704300652534,-259.5796392657775
#.##.#.#r##.@..#.#.##p#E.1,-216.37600651964453,-229.24013038685894,-215.01028593248952,-214.36843247291577
#.##.#.#r##.@..#.#.##p#E.2,-203.76574917575257,-208.7190634476235,-203.59261816332457,-211.0892243971365
###########.@#..#.#......1,-180.51369738817908,-186.52370089115874,-171.62132438692993,-189.3105723228923
r#.##.m..#m#@#.p#E..#####2,-281.17661091856655,-281.81834880518943,-284.77289724337777,-282.99925611226536
###########.@#..#.#......0,-196.5053367496204,-202.28808349579546,-192.9315004754506,-195.434595784725
###########.@#..#.#......3,0.0,-36.8125,-20.25,-144.70869315057018
###########.@#..#.#......2,-81.15908718132923,-13.087265159094555,26.137389208569758,-34.59187413669636
#..#####r#..@m.#..#.p..X.0,469.53066562235375,-355.51499783135404,566.9282580180382,455.1652228646454
#..#####r#..@m.#..#.p..X.1,376.72450448345785,-241.21283113087566,523.906662298419,203.55844044094567
r####..##.m#@##E..#######3,-347.9223113324321,-348.6254299053351,-324.3691244641627,-348.0207336483437
.##...#.##..@.#m#.#.p#E..0,-177.7076152428955,-225.3585492238753,-224.57763897533374,-188.29812490929993
.#.#....#.##@..#.###...##0,-168.36479724983067,-131.72219495732278,-183.20245214990229,-183.5299868206102
###r#...m.#.@#....X.#.##r1,334.73307626077457,523.0023420277619,654.2162906689566,479.42371574002414
###r#...m.#.@#....X.#.##r2,460.73636511963116,526.4501585709663,600.9369078236676,93.58150761158606
.m..#m#.#.p#@..##########2,-257.22193267377224,-315.30612730609295,-311.86373742025273,-301.3171938999294
.m..#m#.#.p#@..##########3,-233.9194695395047,-278.2229441880322,-266.5550671574933,-265.3361683193762
######.p###.@##..###..###0,-178.58667460416416,-177.3779385888149,-179.58864340513725,-166.80090745066678
######.p###.@##..###..###1,-66.2170468089709,-110.09670587920398,-105.05332347399897,-106.69806306642656
######.p###.@##..###..###2,-77.03676601235959,-101.7644017349123,-102.43752666464107,-68.60478894813721
r#.##....#m#@#.p#E..#####1,-266.16321590389714,-311.07326032140077,-319.30325704993845,-322.31729583075526
##..###...##@####.#r##...2,-20.74725142744029,-61.01548653835536,-81.95520229841819,-60.6837077714202
.#....#.##..@#.#####.##..1,-14.875,29.207525070682017,32.32544591579568,93.5341901710393
r#.##....#m#@#.p#E..#####2,-200.30825639960943,-257.78153848613874,-277.0745749108659,-261.44701509228753
##..###...##@####.#r##...0,-199.31874119598703,-196.57829623428148,-205.57061487324523,-202.42541883096447
##..###...##@####.#r##...1,-131.76807291660876,-176.85566066868296,-179.46704406523742,-184.4110493954796
..##...####.@.r#.##.m.#pm3,-11.0,-5.5,0.0,0.0
..##...####.@.r#.##.m.#pm2,362.42288616874373,425.8951018316967,364.5606872032766,319.4472743370736
..##...####.@.r#.##.m.#pm1,362.80767200299806,428.44518802124674,360.3251958819382,318.57149052875195
..##...####.@.r#.##.m.#pm0,361.45054573462164,424.40660720852094,363.6091589931102,320.29876661333776
..##...####.@.r#.##..p#pm0,370.0764176613693,435.76066290755375,369.8761160450754,212.0817143041329
.##...####..@r..##...#pm.3,0.0,13.5,0.0,0.0
..##...####.@.r#.##..p#pm1,-16.5,192.15499194551023,-11.0,0.0
##.####r#.##@..##.#.##p#E1,-202.6139581678669,-248.18900310107358,-222.38327962455583,-253.9267860975777
..##...####.@.r#.##..p#pm2,-4.530311799030709,20.49434566311546,-2.163791357930309,0.0
.##...####..@r..##...#pm.2,416.6145886250385,484.58168653411315,416.07257817775474,367.3285553486869
##.####r#.##@..##.#.##p#E0,-300.14552507431574,-298.0272657158621,-296.7536672525225,-299.8210435449847
.##...####..@r..##...#pm.1,415.5750172181315,489.18813536332937,420.5370891728266,374.32024205283255
######r.#..#@#.......##..3,-25.375,-27.0,-39.78937500000001,-41.287499999999994
.##...####..@r..##...#pm.0,416.03176573173016,486.7559606706503,419.8908802909843,370.86575375870854
##.####r#.##@..##.#.##p#E2,-120.854336948865,-182.28832656904032,-172.75118155182673,-161.58439348460558
######r.#..#@#.......##..0,-190.79708463639776,-189.25523838552678,-187.27964285638905,-194.14851828328264
######r.#..#@#.......##..2,-40.780590569490414,-13.516572227135665,60.81127688337986,-7.626769324125865
######r.#..#@#.......##..1,-169.1208526931939,-174.13212600205122,-171.47996644180955,-166.1779056157985
##.mp#.###m.@###.#.##E..#3,-259.47688296070163,-253.49931320776255,-255.7817977599725,-220.48729303793357
##.mp#.###m.@###.#.##E..#2,-295.80208241291143,-310.39352501266285,-283.21132731069457,-277.7088034251755
.##...####..@...##...#...1,-15.0,207.56314934957962,-10.0,-6.5
.##...####..@...##...#...2,-17.5,249.5197688173566,14.020765769155837,-6.5
.##...####..@...##...#...0,0.0,-4.5,0.0,0.0
.##.m.#r##..@.#m#.#.p#E..2,-245.71842515023468,-245.20973171164061,-244.6522451401433,-253.82640989297107
.##.m.#r##..@.#m#.#.p#E..1,-312.71750167790424,-310.3989306801922,-311.4849083922854,-310.7406588144012
.##.m.#r##..@.#m#.#.p#E..0,-198.37843694589358,-222.3362354919762,-202.6465724494897,-185.9020217593848
.#r##....#m#@#.p#E..#####1,-312.9203477632565,-308.5086257993488,-302.3236694175744,-303.8911442962411
.#r##....#m#@#.p#E..#####0,-203.99952718641768,-220.7524150360889,-223.79780032816277,-208.88331681317175
..#.p#.#....@.###..#####r0,-180.75254072817492,-179.88357643776004,-184.40224190546013,-181.08254692908753
.#r##....#m#@#.p#E..#####2,-246.51636225031712,-256.50454709530527,-244.4365745427377,-257.97880398030907
.#....#.#...@#.##...#.###2,62.366126670736634,69.59698422989666,57.55961360818921,43.10097297475792
.#....#.#...@#.##...#.###3,-17.25,-34.925,-11.5,-13.5
.#....#.#...@#.##...#.###0,-160.67055854013978,-182.30534500880236,-145.1510850548907,-171.01211991050803
.#....#.#...@#.##...#.###1,-117.23866429699987,-181.54419534041028,-153.8721490906641,-175.8153342160914
#.##.#r#.##.@..#m#.##p#E.2,-202.94983871274889,-201.35511134548688,-191.37848298161157,-136.2881659865391
#.##.#r#.##.@..#m#.##p#E.1,-290.6086247974509,-252.6616233801262,-257.7089072854336,-187.59671525588675
.#r.#..#.##.@....##...###3,-38.631249999999994,-37.158125,-42.403124999999996,-15.75
.#r.#..#.##.@....##...###2,85.55472296535183,49.824509272565294,47.19688798746658,154.78832040868093
.#r.#..#.##.@....##...###1,-186.58311361621242,-160.87199902781782,-185.60409624653084,-179.42340002665043
.#r.#..#.##.@....##...###0,-188.7016224983185,-189.617877468369,-188.15070896052657,-182.81413030089703
...##.#.m..#@##...#p#####3,-11.25,-13.0,-30.181250000000002,-29.4375
...##.#.m..#@##...#p#####0,-109.24936534939059,-145.62808974678097,-139.63545015898936,-152.95911470356313
...##.#.m..#@##...#p#####1,-81.66948445155985,-93.9798611795962,-80.73544550425166,-81.07246296424563
...##.#.m..#@##...#p#####2,282.74121209472617,208.35049503830214,169.33094679251184,150.47660398010447
#.##.#r#.##.@..#.#.##.#E.3,-134.7599362621305,-154.97460854742042,-134.7524553855486,-96.38481617216732
##..#####...@..##..##pm.X1,157.38202037784458,-5.46875,-7.275,249.3671641541248
##..#####...@..##..##pm.X0,327.95687570162386,505.3344677006834,347.2809160337392,367.624735740125
#.##.#r#.##.@..#.#.##.#E.2,-216.6834472835526,-216.64835351158467,-218.98870657713,-164.4970923212137
#.##.#r#.##.@..#.#.##.#E.1,-265.50231885862036,-254.23395047586354,-268.21075141697486,-258.4020465008103
.##.m.#r##..@.#.#.#.p#E..2,-192.89942176238554,-210.13839007920453,-232.38683498446508,-194.4391017766468
###.###..###@..##.####.#.1,-124.42762216379066,-73.65894628925852,-146.28221007746967,-147.41691402450462
.##.m.#r##..@.#.#.#.p#E..1,-221.22040438832937,-243.51164835054607,-249.12714352649357,-209.18807286243134
###.###..###@..##.####.#.0,-171.51801360935158,-96.09882559094876,-179.28962453570978,-180.85397262951415
.##.m.#r##..@.#.#.#.p#E..0,-290.27598284673417,-286.7648805395028,-287.79407331169983,-284.76795668153795
###.###..###@..##.####.#.2,-51.58716602704817,11.11285580697029,-52.077304149298634,-30.59230280156286
.##...#r##..@.#.#.#.p#E..2,-58.57682292968751,0.0,0.0,0.0
.##...#r##..@.#.#.#.p#E..0,0.0,-133.3636751295225,-143.10155025613238,0.0
.##...#r##..@.#.#.#.p#E..1,-75.24689380142048,0.0,0.0,0.0
.##...####..@...##...#p..0,214.92496465610543,435.80498018348,180.10826568256311,29.55503876825076
.##...####..@...##...#p..1,137.4492135800547,258.0885029353826,65.59217179327987,111.25937489317629
.##...####..@...##..p#...1,0.0,-4.5,-10.0,-12.225
.#....#....#@#....#.##...3,-85.0970326014943,-52.50046875,-24.77109375,-31.2
.##...####..@...##..p#...2,0.0,122.49426575326069,0.0,0.0
.#....#....#@#....#.##...1,-76.34728496528649,-124.84658096892602,-148.49304124448025,-120.04407436532551
.#....#....#@#....#.##...2,67.19787246089085,42.065536050299684,53.63134451185964,53.07505801778565
.#....#....#@#....#.##..p1,32.77760835409168,45.2246713862106,74.10416680505446,36.98187335192283
####r.....##@.##pm.X##.##1,161.4123233504393,573.9826507364464,44.47915220628461,130.83666568397257
.#....#....#@#....#.##..p2,153.35910086637702,107.52082060105091,59.49367266327551,102.81919684366981
.#....#....#@#....#.##...0,-217.41371381395484,-171.65862851945053,-156.6700616714705,-174.92507334426227
####r.....##@.##pm.X##.##0,374.4238469536367,569.9573034355429,-340.57869087428173,188.2948426105931
.#....#....#@#....#.##..p0,-122.00891350388724,-117.91859648818331,-107.01980617578383,-118.10311041325363
###.#.....#.@#....X.#.##r0,0.0,0.0,-1.5,-8.8125
###.#.....#.@#....X.#.##r2,0.0,0.0,-1.5,0.0
###.#.....#.@#....X.#.##r1,0.0,-7.0,158.09167105393482,0.0
.#....#.#...@#.##.mp#r###1,-94.0268511644004,-88.3684572954995,-100.69152543759992,-102.93440152935457
.#....#.#...@#.##.mp#r###2,116.97967864048756,71.31465004652362,49.54751773466731,46.246689661184426
.#....#.#...@#.##.mp#r###0,-76.91699000985793,-132.6459507971726,-176.05659472064963,-137.5949400908863
##r#.##...##@#.##p#E#####0,-300.7473986926184,-310.3456018338609,-250.0482747892012,-294.3434432404566
.#.##.X.####@############0,592.8889055240456,272.93818528488646,320.08276000769774,273.0225602848864
...##...##.#@...#.##...#p0,195.4566343783207,368.10175171434935,201.46174537072528,242.9971931106348
##r#.##...##@#.##p#E#####1,-222.02185147022436,-212.68515505207517,-186.81329896610936,-228.4259675915614
##r#.##...##@#.##p#E#####2,-149.00630424162642,-188.37015301098188,-190.25408088687212,-183.9178495478322
...##...##.#@...#.##...#p2,213.72302551112867,367.3395620590037,241.74347736906446,286.2043442569633
######..###.@##..###..###3,-101.58215885742189,-91.74477128906251,-102.19223613281252,-73.83489257812501
.#.##.X.####@############1,317.64715785335386,-10.5,-10.5,0.0
...##...##.#@...#.##...#p1,259.0408417198176,367.8363830858718,198.16041899571874,310.7251637115755
######..###.@##..###..###2,-85.86705742695415,-69.68109274913544,-126.06004328528836,-32.21685916447221
...##...##.#@...#.##...#.1,0.0,0.0,-8.5,0.0
######..###.@##..###..###1,-199.32846918543137,-201.6225554926936,-192.4252855105052,-193.6585153117871
####......##@.##...X##.##1,-4.5,0.0,0.0,0.0
####......##@.##...X##.##0,-11.221875,-3.75,-4.375,-17.53125
m...#.##.m.#@##....#.#.#.0,-335.83974080704655,-343.2531526457533,-337.48485665619353,-345.8655113907157
...##.#.m..#@##..p#p#####0,-51.0435506935832,-60.51640928720935,-55.206278052309926,-62.15957573295917
...##.#.m..#@##..p#p#####1,131.90979984570976,155.95481950783974,211.79335741879424,159.85965298681998
...##.#.m..#@##..p#p#####2,0.0,0.0,82.66335429992012,0.0
..#####r##..@.#..#.#..X.#1,17.01619591474897,-3.1830479728600958,-10.021289062500001,-6.125
#.##.#.#.##.@..#.#.##.#E.0,-214.85267762003366,-223.52828455807946,-253.6281542386872,-215.80993867926975
#.##.#.#.##.@..#.#.##.#E.1,-347.3189465069462,-341.4424981648277,-346.22379517442243,-332.5972409279211
..#####r##..@.#..#.#..X.#0,393.20303207350446,224.01863096433868,145.84394814756533,160.74660225323555
#.##.#.#.##.@..#.#.##.#E.2,-265.8980564296484,-266.51180748057686,-277.72867678716347,-213.3864379460657
#.##.#.#.##.@..#.#.##.#E.3,-164.27251713739008,-180.88540266663318,-164.29956753684104,-129.24788369764036
m...#.##.m.#@##....#.#.#.2,-273.25488804821316,-279.8299593592072,-268.3387854733777,-273.5656510684755
..#####.##..@.#..#.#..X.#0,294.2783030211345,436.9821966018765,232.64144855153592,-5.25
m...#.##.m.#@##....#.#.#.1,-358.061627045103,-354.72378476359654,-326.38545905585266,-349.299303733073
..#####.##..@.#..#.#..X.#1,-7.442683292625515,-4.102869140625,-15.75,-6.125
m...#.##.m.#@##....#.#.#.3,-215.64114181148364,-215.22038187390493,-181.12538138910486,-250.33565815727124
##r#.##...##@#.##.#E#####1,-257.56752109558096,-262.93104603197014,-261.8904366648324,-273.6733423244185
##r#.##...##@#.##.#E#####2,-155.60683979163514,-182.34289145388067,-203.71626456288885,-186.85440609992048
m..###m#.##E@.###########3,-311.330392608082,-321.4279232122983,-318.3945211014661,-269.37707537897705
##r#.##...##@#.##.#E#####3,-96.38572158288795,-134.66340650510355,-154.16922987063998,-134.74593096478063
##...#.###..@###.#.##E..#0,-233.97415488623687,-236.09023449266198,-236.7033681262563,-201.32335350654205
##...#.###..@###.#.##E..#1,-240.46205069758264,-239.99539141910367,-238.68779846702967,-216.9666848996196
.#.##....#.#@#..#E..#####2,-272.71582533620574,-285.0076719369806,-268.29951203308633,-276.29144498742335
.#.##....#.#@#..#E..#####1,-345.2175936078339,-350.4960751333326,-343.54816720496876,-353.9015730179242
.#.##....#.#@#..#E..#####0,-223.7684603460416,-251.27402061963198,-259.5383870061914,-251.8233369321361
...##...##.#@m..#.##.m.#p3,0.0,231.88202530433335,0.0,-12.0
##...#.###..@###.#.##E..#2,-204.38882796058772,-189.42132537058833,-236.86274192343436,-181.1440389430589
...##...##.#@m..#.##.m.#p2,237.5490474416817,331.8760101265597,237.745741003423,275.85604497541806
...##...##.#@m..#.##.m.#p1,-79.6971491010878,-228.87468566966623,-77.62008789494405,-86.55469236624107
.#.##....#.#@#..#E..#####3,-180.8796697728822,-215.35754173430007,-230.72557478069467,-215.2844270592267
##..#####r..@..##..##...X0,0.0,-5.25,-3.5,0.0
##..#####r..@..##..##...X1,-13.5,-8.09375,0.0,0.0
.....#..#.pm@X.#.##r..###1,534.4698965962945,719.7724064057034,610.0919641307136,-20.94835096399754
.#.#....#.##@..#r###...##0,-173.61662240908242,-170.09106693628718,-191.66045431341468,-180.20497819229047
.#.#....#.##@..#r###...##3,-18.75,-29.79375,-31.2,-35.2
.....#..#.pm@X.#.##r..###0,573.4246698371612,731.7469885058421,585.3656474776628,-358.02724032182255
.#.#....#.##@..#r###...##1,-183.62790293269916,-59.68321852423668,-164.31872434180698,-188.16452661749798
.#.#....#.##@..#r###...##2,75.39074339103271,78.2750994977994,92.73441641373105,99.2259263273403
.#....#.##.m@#p#####.##..0,41.02047329729602,-24.825,-24.5,-316.2200467756767
...##...##.#@...#.##..p#p1,0.0,0.0,-8.5,0.0
...##...##.#@...#.##..p#p0,234.06739111836993,278.09934219628224,63.76911489537208,69.48571045881889
#..#####r#..@m.#..#....X.2,230.32220042284294,117.28125283506532,532.7240534349204,219.13978248443334
.#....#.##.m@#p#####.##..3,-12.75,-21.0,-21.0,55.90829229158169
.#....#.##.m@#p#####.##..1,196.03835969038423,92.4074951544488,111.38467070205394,68.82019309117425
#..#####r#..@m.#..#....X.1,0.0,63.56664919899856,431.33374266861574,395.82613568872046
.#....#.##.m@#p#####.##..2,269.8490427256969,177.97022116050755,169.4491439749693,116.69034836654394
##...#r###..@###.#.##E..#1,-127.33649358331212,-139.59568178121816,-189.05928633765728,-120.00955098666624
##...#r###..@###.#.##E..#0,0.0,-39.0,-50.375,-43.30140625
##...#r###..@###.#.##E..#2,-160.60695622572499,-165.9743271378665,-176.25413843170503,-178.64371909616222
#.#..#..#..#@.....##...##1,-155.07896665130863,-155.30435072494757,13.2591380487898,-165.48947459317685
###.###..###@..##.####.#r1,-134.5096826851721,-61.04520692305119,-132.39234205608307,-105.18066086933271
#.#..#..#..#@.....##...##2,79.00118825503199,94.17655649529092,194.7011046082037,103.57979927591676
###.###..###@..##.####.#r0,-182.181130057818,-88.17249451484912,-199.72196709192156,-178.55358786186673
###.###..###@..##.####.#r2,-51.31206278042639,10.15232521903781,-51.841416001879765,-29.932134623403318
#.#..#..#..#@.....##...##0,-177.53052262975882,-178.825726678394,-135.3205728113564,-184.3977446811897
.#..#.#..#..@###..#####r#3,-79.5673828125,-69.02546836568645,-70.907626953125,-61.57001953125
###########r@#..#.#......0,-187.37628453304995,-183.94592580261184,-186.5120902643445,-191.16604486509573
###########r@#..#.#......1,-160.4995588245205,-170.04611638097145,-166.95475442009865,-160.59892864781955
.#..#.#..#..@###..#####r#1,-181.53362086892997,-189.10359263317415,-178.14896016144684,-173.41890144638995
.#..#.#..#..@###..#####r#2,-27.17313090794896,-48.65122460729782,-28.704154194193695,44.578227850710164
.##.mr#r##..@.#m#.#.p#E..1,-238.20035785249127,-316.14639552338673,-292.13902777682347,-272.35788523176564
###########r@#..#.#......2,-65.05592191547618,-57.295780822216074,0.20985961866162484,-14.513355233411808
.#......##..@##.#.m..#.##1,-82.00477812356951,-86.44618082885644,30.252274184769888,-83.05235818726914
.##.mr#r##..@.#m#.#.p#E..2,-182.48567536948718,-243.47672169891572,-231.73883456781414,-213.99968964985902
###########r@#..#.#......3,-37.8515625,-63.776470802003146,-23.2875,2.5
.#......##..@##.#.m..#.##0,-23.377884015018367,-121.55263031007011,7.529739884041593,-62.61220222351212
.#......##..@##.#.m..#.##3,-14.25,-22.875,-11.25,-9.5
#.#....#.#..@.#.##...#r##0,-183.5224342443955,-173.92522144159446,-175.1570680908937,-171.54326757255626
#..#..#....#@...#.#....#.0,-109.54586373783899,0.6277058272480671,-47.79212468567702,-30.2268907108853
#.#....#.#..@.#.##...#r##1,-189.3895468330405,-181.23061295953073,-178.26539529628081,-176.69224698183223
.#......##..@##.#.m..#.##2,193.1859141784584,228.83707846346874,281.802775574821,194.44942769236576
#.#....#.#..@.#.##...#r##2,33.12768356869624,76.6146361113746,33.03603884930891,-6.962269553060048
#.#....#.#..@.#.##...#r##3,0.0,-26.4,0.0,-21.75
#..#..#....#@...#.#....#.3,-20.125,-18.975,-24.45,-35.8875
#..#..#....#@...#.#....#.2,116.59756257685066,195.37593424283108,116.98654263299119,145.75028141886838
#..#..#....#@...#.#....#.1,-88.58721039231995,-87.20001258158524,-91.12666824484334,-91.78501562504273
###.#.....#.@#.pm.X.#.##r0,480.88021236482507,0.0,645.6324067705008,361.99057762035386
###.#.....#.@#.pm.X.#.##r1,-8.15,-14.743749999999999,-1.5,-6.125
###.####..#.@#..#....#...3,-44.955468749999994,-38.909375,-24.85,-31.725
m...#.##.mr#@##....#.#.#.1,-260.1074755781085,-260.11985276141843,-259.70401250372873,-260.1228694249619
m...#.##.mr#@##....#.#.#.2,-234.7732334380762,-230.27553609468458,-190.18955880221444,-228.89265803525763
m...#.##.mr#@##....#.#.#.3,-192.71040078326115,-192.7362099058198,-156.20140382702914,-192.45382853052138
###.####..#.@#..#....#...1,-152.62664612319202,-150.01854952413743,-111.550610259826,-171.5137420909601
###.####..#.@#..#....#...2,20.51526632333796,20.23473126293399,114.75948908498492,30.773257567963846
###.####..#.@#..#....#...0,-179.56318686163044,-194.0185133571194,-127.12655328664998,-191.36077269937255
m...#.##.mr#@##....#.#.#.0,-309.241614233033,-303.90438889544,-301.16349867276847,-300.05997863396544
##..###m..##@####.#r##...1,-332.6128702086006,-336.2632282615627,-331.6191078267576,-335.85110579261254
##..###m..##@####.#r##...2,-86.1312901353716,-114.29468973456801,-136.26101814300642,-141.73770375433776
##..###m..##@####.#r##...0,-364.73825167314925,-300.13087649949557,-300.6617773290513,-303.9011978808188
##..###m..##@####.#r##...3,-40.28953640474088,-86.83717255208138,-106.60971890325726,-87.67700553210909
#..#..#.....@##...##.#...2,59.149648326298795,59.27658955908984,52.92751398277824,47.218877678168724
r#.##....#.#@#..#E..#####3,-155.544038427673,-192.66168115074612,-227.12948903973162,-192.62668336081637
#..#..#.....@##...##.#...0,53.92001596744839,192.99001955462003,187.42898639930792,158.3595994259665
#..#..#.....@##...##.#...1,-71.51330482857524,105.78367833224206,126.16687316698366,114.39946174384531
#.#....#.#..@.#.##.m.#.##1,-80.74928823343447,-13.416899832096805,-84.69420272725466,-132.88314527692535
#.#....#.#..@.#.##.m.#.##2,35.81954522696978,79.75104733133387,34.163078785607325,10.253572772949616
#.#....#.#..@.#.##.m.#.##0,-120.62466366127148,-52.901486362490786,-155.28257297874814,-154.36356705977505
##..###m..##@####.#.##...1,-147.68503185159295,-307.8425069981174,-284.42497389313337,-286.87472923396047
##..###m..##@####.#.##...2,-99.38956305615443,-207.88390399196976,-176.26337836560577,-211.38571856855515
##..###m..##@####.#.##...0,-376.05959808138925,-339.48186043529864,-337.8092416806166,-341.7515471944994
##..###m..##@####.#.##...3,-41.06297232990089,-82.93514251172112,-101.15411218529539,-82.13355522073098
r#.##....#.#@#..#E..#####2,-201.53969008359866,-235.36304333787297,-248.47417849020476,-236.06568039728853
r#.##....#.#@#..#E..#####1,-239.62693188561457,-268.47467920441693,-264.72396332647514,-269.2447952304992
#..#..#.#...@...##...####2,27.73115407039354,26.491777078759952,48.64659903656605,101.26919588763622
#..#..#.#...@...##...####3,-13.5,0.0,0.0,0.0
...##.#....#@##.m.#p#####0,293.10429796463825,23.74703579729602,0.052962983783210404,61.90751863127204
...##.#....#@##.m.#p#####1,317.85045504721336,117.54651654699111,109.5521552013237,185.0473335845669
...##.#....#@##.m.#p#####2,318.0544630615185,227.92528968086503,178.60520118658798,221.30201236162443
...##.#....#@##.m.#p#####3,-11.25,-26.125,-9.5,-13.0
#.#.m..#.##.@p#.####..##.1,57.03607331784536,211.30182521052342,55.625716556205624,67.89032339483597
#.#.m..#.##.@p#.####..##.2,137.9417748517577,71.9102482003987,125.58947213666099,118.63900341150396
#..#..#.#...@...##...####0,-187.58749627334112,-182.7940469152697,-190.67122441427443,-172.60655219691233
#.#.m..#.##.@p#.####..##.0,-96.66842952360437,116.15922739917765,-106.41558701987333,-107.9455302477111
#..#..#.#...@...##...####1,-171.17474208423016,-170.59436132279035,-170.9431529349722,-117.21267967270573
#r.#..#.#...@...##...####2,11.426546175024912,-3.6347866317838946,41.28999890644139,116.39738182877524
#r.#..#.#...@...##...####3,-36.365624999999994,-32.484375,-55.126718749999995,-27.212500000000002
##.####.#.##@..##m#.##p#E1,-246.07333568568805,-318.39742395687347,-324.7754965040652,-317.8388080356363
##.####.#.##@..##m#.##p#E2,-188.82854510832794,-236.05347747374202,-245.85227607174363,-250.30013861431996
#r.#..#.#...@...##...####0,-190.4104349777882,-203.3641925656822,-189.87050786783686,-188.41933778757672
##.####.#.##@..##m#.##p#E0,-210.3862496795183,-213.78732777382626,-364.9056996793842,-205.9807111543538
#r.#..#.#...@...##...####1,-173.23807686193123,-147.39324107183225,-178.5701031909246,-175.91757336968055
##r####.#.##@.####.###..#0,-193.92978482442777,-198.40320173052868,-196.74684412292137,-192.9119815527187
##r####.#.##@.####.###..#1,-219.83779969164647,-219.88597107021343,-234.94173848005838,-229.63293932600976
##r####.#.##@.####.###..#2,-140.80084040924186,-83.21432318904058,-120.87725448607563,-120.87746251657725
...m.#..#...@X.#.##r..###1,573.2838788347528,702.1475595744677,643.577951641345,576.1137186762734
...m.#..#...@X.#.##r..###2,460.000807773214,719.1531522979958,616.5115215542747,512.7676249614921
...m.#..#...@X.#.##r..###3,0.0,364.89419225315606,0.0,-2.5
##########.#@.#.#..#...##1,-200.96598164377275,-192.34599591883054,-194.04075570554696,-195.92721133552914
##########.#@.#.#..#...##2,-64.73121525453439,-82.63780051830287,-21.399270128369686,-70.14687418701388
##########.#@.#.#..#...##3,-82.07125781250001,-83.47657552734375,-78.14326171875001,-104.89550207519531
##########.#@p#.#..#...##2,-89.62468608742608,-91.85245893858665,-65.00877435812342,-89.37009676418955
###r#.....#.@#.pm.X.#.##r1,494.4752886058431,556.9593246731963,647.3863718872592,473.7828378965752
##########.#@p#.#..#...##1,-103.46280082877564,-84.07922581963948,-113.93797190138383,-111.59786578829434
###r#.....#.@#.pm.X.#.##r0,509.3604351811278,558.6144645543063,651.8620111969143,500.43284228219636
##########.#@p#.#..#...##0,-185.1283228111529,-115.20432436045114,-175.23943843487467,-171.50469306284882
.....##..##p@.X##.##...##0,-3.5,153.7198589389416,255.70084981133155,441.31653878602947
#.##.#.#.##.@..#.#.##p#E.0,-342.33285658223474,-335.57903760162856,-338.0255680411255,-336.0109984707276
#.##.#.#.##.@..#.#.##p#E.1,-249.04403937907387,-249.3503224357454,-255.73571071099818,-252.56126388877522
#.##.#.#.##.@..#.#.##p#E.2,-221.71429329460912,-214.16615512622633,-226.5926271973491,-219.76867020124217
...##...##.#@m..#.##...#p0,-121.92011531814009,-361.175172555467,-109.44866118159491,-124.64118801963379
...##...##.#@m..#.##...#p1,-81.94809661995492,-217.80089107703233,-81.67164957174705,-87.99549475623394
...##...##.#@m..#.##...#p2,232.02658476554808,331.71897609642934,216.6563540092863,271.6798172818068
...##...##.#@m..#.##...#p3,-85.03045290556025,128.1975714372223,0.0,-18.0
#.#....#.#..@.#.##...#.##1,-180.00566821927617,-176.17807706449287,-182.29719315155612,-173.94674143353083
#.#....#.#..@.#.##...#.##0,-181.55737810371235,-157.12052285725764,-187.11933123775174,-174.39831338402175
#.#....#.#..@.#.##...#.##3,0.0,-12.5,-18.0,-14.5
#.#....#.#..@.#.##...#.##2,35.323029024773554,77.45769281124328,-119.99928095182479,8.713681013754252
....m##..##.@.X##.##...##3,0.0,-2.25,-3.5,-3.5
....m##..##.@.X##.##...##2,473.39195993823387,637.7949075966204,486.75947385815584,503.8073926691744
....m##..##.@.X##.##...##1,516.7798796024174,640.0596996185783,506.1938158587942,516.4229272105525
...##.#.##.X@####r#######1,-0.03624999999999989,399.34013560515973,97.29938180132966,718.3383133111927
...##.#.##.X@####r#######0,582.381867756379,591.8768758064441,459.86398666483626,720.4157892819243
.##...#.##..@.#.#.#..#E..0,-239.48299170201835,-233.04321813112213,-232.51712894725694,-186.5121195256856
##...##.####@#.##...##.#.1,-174.58896815881752,-203.99048767306965,-236.66137355525564,-208.09759383978476
.##...#.##..@.#.#.#..#E..1,-269.5267546510057,-244.3824265194949,-236.30390580619286,-197.7999026532342
##...##.####@#.##...##.#.0,-220.7566618462447,-222.2012674457887,-218.70246648153875,-216.74320560825214
.##...#.##..@.#.#.#..#E..2,-226.9451191956261,-194.13720432657576,-241.60555210305915,-165.50943025583422
##...##.####@#.##...##.#.2,-70.85235520408423,-91.85796232511888,-124.00335245569525,-91.85153605039807
#.#.m..#.##.@.#r####..##.3,-39.9375,-35.780468750000004,-29.25,-20.125
##..##...X##@##...###.###3,-2.5,-12.0,0.0,0.0
##..##...X##@##...###.###2,552.9052616255142,481.220469573361,422.8673178905504,370.2031208421059
#.##.#r#r##.@..#.#.##.#E.3,-136.83874425628682,-156.14728415406893,-136.82004051152788,-98.86968337915093
##..##...X##@##...###.###1,388.12076120768404,397.9496687915106,393.99070198269135,400.6092565603908
#.#.m..#.##.@.#r####..##.1,-135.6244220959997,-30.79230683807029,-137.14043485802375,-114.66634929567351
##..##...X##@##...###.###0,0.0,-6.002543986786721,83.39870630309468,-8.0
#.#.m..#.##.@.#r####..##.2,111.09467904889839,194.9187048949782,76.03538125155339,82.60063037307131
#.#.m..#.##.@.#r####..##.0,-177.63234303002568,-146.59363110697677,-178.55806499865548,-172.22839374623265
#.##.#r#r##.@..#.#.##.#E.2,-186.15202117206144,-201.0267176893688,-194.72029346526904,-138.47111863416293
#.##.#r#r##.@..#.#.##.#E.1,-234.60659363284202,-234.3336875126032,-250.31273691370785,-234.9563466325829
.....#..#.p.@X.#.##r..###0,-2.5,346.59968653098133,149.9698589389416,0.0
#.##.#.#.##.@..#m#.##p#E.1,-342.03625106987107,-339.6652536579154,-330.5035628794534,-316.3519187421913
#.##.#.#.##.@..#m#.##p#E.0,-217.15982461687128,-208.92808455090153,-215.5208661616102,-213.2190342834253
#.##.#.#.##.@..#m#.##p#E.2,-256.4277892404262,-250.67732764954832,-248.01176101463582,-211.13030298036549
#######.####@#.##..####.#2,-167.12473958324486,-149.02932698814573,-112.12424968516164,-149.14054432212993
#######.####@#.##..####.#1,-242.19192527123104,-250.60409123324996,-241.16014139299028,-244.7764417269354
#######.####@#.##..####.#0,-218.30073766210924,-196.88796670057215,-165.46800807581633,-196.87207113444398
.##...#r##..@.#m#.#.p#E..0,-73.4834712421875,-73.30603476327124,-139.91454271106107,-75.2339501953125
r.#.p#.#....@.###..#####r0,-177.6612817017811,-172.35241039486493,-168.51969099262874,-181.23370183327796
r.#.p#.#....@.###..#####r2,25.879164352837297,4.869942424668613,2.1520333480971536,77.31421416040786
r.#.p#.#....@.###..#####r1,-173.33812457932981,-132.24435322190396,-167.294732137501,-169.69305231008246
.##...#r##..@.#m#.#.p#E..1,-112.31775075856385,-74.46187499999999,-178.6466937418797,-149.37792492269176
.##...#r##..@.#m#.#.p#E..2,-16.950000000000003,-69.85458476562499,0.0,-104.57747729465895
....#.##.m.#@##....#m#.#.0,-243.87977867770772,-243.88018829774876,-211.14514734722013,-243.88155815127735
..#..#...##.@.##.#....#.#0,154.308804332354,185.0312918297305,193.07142954235107,77.83755549915887
..#..#...##.@.##.#....#.#1,121.30187460027042,199.14811249248282,123.18743760110512,-80.40092396535404
..#..#...##.@.##.#....#.#2,47.47486041595772,137.27775440016157,53.232361681253536,58.53342360745865
#.#....#.#..@.#.##.m.#r##2,35.01752992426721,79.6842034880413,35.26766026136478,10.846946809659496
#.#....#.#..@.#.##.m.#r##1,-119.18082541366385,-13.954041286098843,-80.88717616916256,-71.5329911803478
#..#.##.#.#.@#.#....#.##.0,-193.28989248233475,-208.9489266724051,-104.18257312422976,-197.87190828802474
#..#.##.#.#.@#.#....#.##.3,0.0,-20.0,-14.5,0.0
#.#....#.#..@.#.##.m.#r##0,-158.7314180858261,-137.85788751225004,-146.1161764098295,-134.53064159794576
#..#.##.#.#.@#.#....#.##.1,-164.60138366609442,-158.20485263386362,-98.5128459614238,-146.69059735136125
#..#.##.#.#.@#.#....#.##.2,-51.976174885614626,-29.913647887209848,11.714980038127447,-51.99991527289605
....#.##.m.#@##....#m#.#.2,-222.30899646986975,-221.82388171501935,-188.31942805651,-222.90752039721298
....#.##.m.#@##....#m#.#.1,-242.85633728065932,-241.0580602148578,-212.98116984951525,-242.72787461723635
##.#r##...##@#.##p#E#####0,-292.813953043076,-295.4780448980661,-197.97390877523947,-298.41832478505034
##.#r##...##@#.##p#E#####1,-218.9575333071071,-216.89713218334094,-183.60091881931288,-214.67915425529833
##.#r##...##@#.##p#E#####2,-193.43335752456764,-208.67880875038637,-198.61893135868772,-199.8016049395344
.#.m..#.##..@#p#####.##..3,-22.375,-41.371875,-27.3,-33.219375
.##...####..@...##..p#p..1,-10.0,111.03566861326637,0.0,0.0
.#.m..#.##..@#p#####.##..2,237.57365924503148,118.08209785022018,117.57982331706773,151.14067252019782
.#.m..#.##..@#p#####.##..1,-77.55302914583217,-137.68100214697427,-119.27796897337161,-130.5243766365878
##..#####r..@.m##..##...X2,75.13784383550713,403.9407758022307,424.7467498164325,75.50270020808928
.##.m.#r##..@.#.#.#..#E..3,-168.27748813909537,-199.62723185488562,-209.7835340747124,-160.2882109452221
##..#####r..@.m##..##...X1,370.8754045526613,339.835306525931,497.09359763091487,83.77841720731082
.##.m.#r##..@.#.#.#..#E..2,-212.46044122991623,-231.8301203755795,-211.84021900455082,-210.1166048666372
.##.m.#r##..@.#.#.#..#E..1,-293.52573008943364,-321.1283700835296,-322.845000645401,-319.8116574388605
.#.m..#.##..@#p#####.##..0,-89.47132588578847,-164.46940400235178,-170.25391429791014,-171.08124900100182
.##.mr#r##..@.#.#.#.p#E..0,-260.1271595387997,-262.5021620678184,-253.92100599158763,-261.33412083154576
.##.mr#r##..@.#.#.#.p#E..1,-216.05464523140301,-239.70057883746478,-250.59828491374049,-232.95642244213013
.##.mr#r##..@.#.#.#.p#E..2,-185.73347887561022,-213.92691373273425,-210.8433895541566,-163.17545920942402
..##...####.@..#.##..p#pm0,67.7808585567642,294.929520309216,-19.25,-11.25
..##...####.@..#.##..p#pm1,-19.25,0.0,-11.0,-7.5
m...#.##.m.#@##....#m#.#.2,-290.23034145156964,-286.20635735880234,-268.0827857822957,-288.31400738738625
m...#.##.m.#@##....#m#.#.1,-350.0195400793176,-351.7930098692449,-346.25293819718297,-350.12073048610057
.##...#.##..@.#.#.#.p#E..0,-242.14602405812383,-215.51428480110692,-247.03496802813447,-213.1465144594853
.##...#.##..@.#.#.#.p#E..1,-200.17111777525196,-166.91299740160326,-221.07030400055743,-208.17011158925249
.##...#.##..@.#.#.#.p#E..2,-131.7357809681685,-142.03677197489134,0.0,-151.97134657023113
#.#.m..#.##.@p#r####..##.1,154.93569403295447,210.26479563777104,154.7236993941234,121.442993431766
..##..#.##E.@############2,-332.4419224553534,-341.2489252742024,-338.5780617891411,-324.73993024504387
#.#.m..#.##.@p#r####..##.2,131.190572715247,203.70482257669096,90.33237546431832,103.38892690304998
..##..#.##E.@############3,-318.96945806115986,-308.1417511430077,-307.7457071660514,-277.3751256612669
..##..#.##E.@############0,-327.7665261653108,-336.6807862435844,-336.5771328291204,-334.43290486997944
#.#.m..#.##.@p#r####..##.0,-110.78945662837471,-17.218069743194018,-108.68623140311766,-109.70524974439155
..##..#.##E.@############1,-340.5746192969278,-340.8918577713057,-349.8840101774198,-342.3284880444237
.##.m.#r##..@.#.#.#..#E..0,-205.59267663298147,-234.05906399620906,-226.66936052472522,-188.6347249020576
.##.mr#.##..@.#.#.#.p#E..1,-265.7380184498618,-300.82618720003916,-258.6055956254635,-259.0364624363974
.##.mr#.##..@.#.#.#.p#E..2,-221.9204021430447,-215.0660825236165,-215.1974790349451,-183.03666601468143
.##.mr#.##..@.#.#.#.p#E..0,-301.22246455592244,-305.4529022160748,-294.4697489301312,-298.5754874733519
m..###.#.##E@.###########2,-333.83508078354623,-335.5591596668156,-336.7617326939866,-287.0740578959667
...##.#....#@##...#p#####1,316.32427760015435,251.04009757594494,218.0599515445357,252.62130485997722
...##.#....#@##...#p#####0,221.0466300689066,173.6293073792262,190.965952525609,197.24088433211895
...##.#....#@##...#p#####2,304.8788852995898,178.74723657213653,153.28881701978244,171.45224543664605
....#.#.#..#@..##########3,-205.96525241854926,-260.8629257857585,-239.6716258592163,-239.71787506704496
....#.#.#..#@..##########2,-272.4710298853187,-263.85466864332165,-274.5555928693825,-279.7319205236826
##..#..#..#.@.##...##.#.m3,-40.2028125,-13.325,-21.35,-37.57
##..#..#..#.@.##...##.#.m1,-91.79521319391733,-93.63767643872045,-91.33620458177626,-94.22469772460519
##..#..#..#.@.##...##.#.m2,136.7241006664326,191.6683689874847,195.35848240347963,115.52101356305248
m..###.#.##E@.###########3,-289.48788629108674,-299.26164698948594,-287.17913258088817,-249.52836401739344
##..#..#..#.@.##...##.#.m0,-51.588808576166215,-12.678490600153914,-211.88972274944396,-102.61351428898257
....#.#.#..#@..##########1,-326.33211161096074,-347.8328892775206,-348.2287840274467,-353.779849698964
....#.#.#..#@..##########0,-242.74866412511466,-281.691443123825,-270.51897791774525,-269.0716796032394
###.##...###@############0,398.0998357294551,257.47136985406183,333.5692705946999,333.8101528383187
###.##...###@############1,309.67932383000385,164.6022615035336,183.1014470587399,153.8917611002188
###.##...###@############2,172.08677401484783,-43.145105244927976,-21.45,20.59583035531346
..##...####.@..#.##.m.#pm2,192.17879295798855,394.28368260812806,191.3640254526581,234.7883091669853
..##...####.@..#.##.m.#pm1,128.42644168623738,391.7758623560685,108.86615746123462,131.71579610426522
..##...####.@..#.##.m.#pm0,0.0,385.6261577912029,66.96653837660118,0.0
#..#####r#..@..#..#.p..X.0,0.0,189.6789193446892,0.0,-4.5
#.#..#..#.##@#.#..#.#....2,-82.92509819486179,-63.14805821639461,-20.85484498474085,-62.70928322806857
.##...#r##..@.#.#.#..#E..0,-177.670196751476,-139.21335241701365,-194.07940319334944,-177.1786946600059
#.#..#..#.##@#.#..#.#....0,-211.54812641992987,-218.88073413704075,-182.1973447794652,-214.21949545594197
.##...#r##..@.#.#.#..#E..1,-206.73399202629938,-98.2793076171875,-212.7630726479275,-171.14134476556194
#.#..#..#.##@#.#..#.#....1,-232.40483954612444,-192.99188664815568,-135.99585352457825,-192.06579535149012
##m..##.####@#.##...##m#.2,-147.80865294346387,-190.97079706366588,-217.9058146474097,-197.16883927971713
.##...#r##..@.#.#.#..#E..2,-190.96016683852173,-171.30810745197294,-221.88992101714706,-170.65205866768088
##m..##.####@#.##...##m#.1,-167.03083764667934,-295.40999130924706,-315.05059078071486,-243.16988508520126
##.####r#.##@..##.#.##.#E3,-66.23550945931076,-125.75849358537006,-125.74613412048954,-105.50111829045483
##.####r#.##@..##.#.##.#E2,-126.93301050421911,-180.13949386102976,-181.42664917492507,-160.06104445034268
##.####r#.##@..##.#.##.#E1,-222.71456267081427,-255.83528910408774,-259.2368168902767,-260.4557164452066
##m..##.####@#r##...##m#.2,-123.08961118443189,-146.3470656099529,-207.07786374985255,-163.32676593343587
##m..##.####@#r##...##m#.1,-322.52462530978266,-325.4544265635947,-311.8036429249545,-328.45886612435123
##.####r#r##@..##m#.##p#E2,-96.02542970217766,-161.03853885049395,-205.78368736869206,-159.75788987903155
##.####r#r##@..##m#.##p#E1,-272.25942539168165,-291.5345729333901,-326.4011933880398,-286.28693741147777
##..#..#..#.@.##...##.#..2,50.13800036197165,51.29054994728818,46.741060660388825,53.12031438066456
##..#..#..#.@.##...##.#..0,147.97930745474358,204.44108162197523,200.12223090312008,79.79082932292243
##..#..#..#.@.##...##.#..1,100.23439286030171,124.27766913103886,112.64722682161846,115.73484433814967
##..#####r..@..##..##pm.X0,302.7940488187138,508.0765682314914,260.9188268913522,312.016276480972
##..#####r..@..##..##pm.X1,-9.0,155.61769102026196,483.0981424031757,137.3045277051295
....#m#.#.p#@..##########0,-231.4430117573545,-284.8076594648557,-262.46528211738297,-263.3036979439489
....#m#.#.p#@..##########2,-254.6316255340986,-269.69854936705735,-288.2169938110841,-288.99040483811075
....#m#.#.p#@..##########1,-306.6734511819691,-340.02575442433783,-351.13596610855734,-341.5071588801754
#.#......###@.#####r..r.m0,-23.217691074809597,-74.2193274525612,-70.68652340588612,-69.98788913623355
..##.m#.##E.@############3,-337.4870189590005,-330.67231514653975,-327.82728463227613,-308.6579189226384
#.#......###@.#####r..r.m2,24.880904896612606,-39.97489752526637,-18.665564536058472,-21.130819233195183
#.#......###@.#####r..r.m1,-10.103318919067377,-63.92490287592271,-44.557842195956326,-43.937495221993956
##..#####r..@.m##..##pm.X2,440.7042424355997,507.76803360115184,505.8670417676533,394.0270437799844
####......##@.##pm.X##.##1,-4.5,-4.762499999999999,-176.80851702269752,-12.0
##..#####r..@.m##..##pm.X1,442.50208354492906,509.4013599020248,504.85013266569365,394.4487576987616
##..#####r..@.m##..##pm.X0,441.9604587442052,504.05264591591083,513.3772581224302,391.7836357966488
##########.#@.#..#.##....1,-199.42249711455145,-184.07914359882764,-194.01411323117082,-197.79435012364837
##########.#@.#..#.##....2,-155.6904861820202,-4.5387358041268175,-43.58760468676793,-43.26907385541148
##..#####r..@.m##..##pm.X3,0.0,0.0,-3.5,0.0
##########.#@.#..#.##....0,-211.4463661786864,-199.8718310651413,-203.44466534819324,-199.59503473514138
##########.#@.#..#.##....3,-20.0,-25.375,-30.0,0.0
####......##@.##pm.X##.##0,228.01973228204008,541.5770319123689,-351.4908945087756,138.41331929037707
.#....#.#...@#.##..p#.###2,112.09231270790768,55.44310119360665,114.83315705995093,31.974802981695962
##.mp#r###..@###.#.##E..#1,-328.2065802296411,-324.25916304944866,-328.5820917064724,-298.2887574614832
##.mp#r###..@###.#.##E..#2,-265.63282274543064,-253.1389046146531,-248.32104865646727,-213.8861515876054
##.mp#r###..@###.#.##E..#3,-214.46579797199826,-214.75404722329927,-205.05429728375384,-177.65305143186885
.#....#.#...@#.##..p#.###0,-106.71055395949003,-101.14659806132988,-102.73154869897682,-125.72403972908167
.#....#.#...@#.##..p#.###1,50.79010908974018,70.24028655646507,115.76462765206901,53.462380246337986
#r####.#..#.@#.##.#.#..#.0,-219.39171644750581,-216.5147067427679,-212.72550003496877,-205.0504712910378
.#......##..@##.#....#.##2,58.598882933735375,57.48358708520664,316.0258164626049,64.50212822130902
.#......##..@##.#....#.##1,103.61890755960243,185.38127495869037,318.767442622193,120.77081781085619
.#......##..@##.#....#.##0,187.1761655654323,186.26314703319593,317.47851121023746,186.39146924211178
#r####.#..#.@#.##.#.#..#.2,-92.21923732109211,-92.21256597247778,-62.37950017372417,-111.87781355030157
#r####.#..#.@#.##.#.#..#.1,-234.84238314899878,-222.2323607370766,-200.90496790759784,-223.6952409174059
.#......##..@##.#....#.##3,0.0,0.0,-7.5,0.0
..#####r##..@.#..#.#m.X.#1,162.7317323319985,323.9079123745894,426.52998267479586,515.8612124537226
..#####r##..@.#..#.#m.X.#0,429.258487355752,377.76405791451305,436.6630218894266,511.26269749487113
...##...##.#@...#.##.m.#p1,269.35207520730194,370.67567322854063,269.15108475596,308.2782317242817
...##...##.#@...#.##.m.#p0,258.26363337122456,373.7252868471855,178.31489370306105,301.6418249039303
...##...##.#@...#.##.m.#p3,-8.5,-6.5,-8.5,-18.0
...##...##.#@...#.##.m.#p2,256.1874259572954,374.9263697218295,268.63817041607433,308.4499451978793
.#.#....#.##@m.#r###...##1,-166.08328682698826,-248.21647183303276,-168.93227540395617,-165.49641437855612
.#.#....#.##@m.#r###...##2,30.638688384380764,96.14137628138042,3.6952483748430733,11.099445117185958
...##.#.m..#@##.mp#p#####2,283.1927029773974,227.57663794257513,205.87539109178263,229.18770306444802
...##.#.m..#@##.mp#p#####1,141.00822269777615,162.3563865197792,211.07808346217595,165.04409196480924
...##.#.m..#@##.mp#p#####0,2.0424780432703997,3.4899487830090017,-0.0028400445390914797,-8.782163332481868
##r#r##...##@#.##p#E#####1,-227.28989726779594,-221.98197569097522,-188.56614802361653,-216.0001694669008
##r#r##...##@#.##p#E#####2,-133.3147608560226,-178.80489891302014,-201.37279396575929,-176.94117059402603
##r#r##...##@#.##p#E#####0,-272.6009653173316,-286.18438548687175,-276.86214251508056,-286.40906217668027
.#..#..#.##.@....##...###1,-172.84712799596048,-165.7386416178565,-165.04506901247018,-73.519605069552
.#..#..#.##.@....##...###0,-183.08051897272856,-178.3742003300892,-177.90264311333328,-149.83788751342385
.#..#..#.##.@....##...###2,82.10271975192575,56.874244458305334,91.33690894866035,148.0642043868573
##..#####...@..##..##...X1,-9.0,-3.5,0.0,-8.25
mp#..####.##@...##.#.####1,25.308563315031698,162.58885733623435,0.0,-11.0
##..#####...@..##..##...X0,-17.859375,-5.25,-9.3125,-5.5
####..###..#@.#..#..#.#..2,-128.54092727453448,71.53373986684025,23.003371783457006,21.416750532677796
####..###..#@.#..#..#.#..1,-39.621312253367364,-41.128134822484235,-59.69444153574239,-31.25748361431876
####..###..#@.#..#..#.#..0,-31.960920807574112,15.887118348261636,-32.84155358927276,-31.71484720280148
##.mp#r###..@###.#.##E..#0,-279.48669231013787,-286.0190292525351,-292.52702602546816,-286.8525952625928
.#.p#.#..#..@###..#####r#2,-69.44727420140552,-3.529991469844076,-33.111823465495064,40.42107551263432
.#.p#.#..#..@###..#####r#1,-114.37254514171734,-161.7632055811609,-175.42849359133254,-161.71815127598336
.#.p#.#..#..@###..#####r#0,-179.7514150229884,-188.6278476919672,-175.2463049358115,-180.2868841633574
...##.#.m..#@##.m.#p#####2,282.83491494353603,230.73363826345246,194.10434194401017,230.1567670831256
...##.#.m..#@##.m.#p#####3,51.404474591565375,-13.0,-11.850245634056169,-22.75
...##.#.m..#@##.m.#p#####1,-78.66462799944985,-116.16742246316494,-75.80402331772326,-78.87723391445428
##.####.#r##@..##.#.##.#E0,-140.76271388881858,-190.43259601610185,-190.61485052158545,-175.89656633561214
.##.mr#r##..@.#.#.#..#E..2,-180.0873193771634,-216.05446387121782,-210.90924628911145,-180.8643946193434
.##.mr#r##..@.#.#.#..#E..1,-228.02664046360746,-240.7145664351581,-250.16122525646077,-235.2214687278952
##.####.#r##@..##.#.##.#E1,-329.8295277450379,-330.5031666615989,-330.6697900146004,-333.34351310752345
##.####.#r##@..##.#.##.#E2,-160.53604884706533,-220.8834779880747,-220.3425325948524,-210.30093830846315
.##.mr#r##..@.#.#.#..#E..3,-152.73795153023144,-197.4688093799325,-149.14956181640628,-127.88849127213086
##.####.#r##@..##.#.##.#E3,-101.94659603534467,-158.1195730788533,-157.01069913497525,-142.66318361738536
#.##.#r#.##.@..#.#.##p#E.2,-191.8617598958702,-196.11986307277874,-203.48891442858096,-157.95174681764618
#.##.#r#.##.@..#.#.##p#E.1,-257.4753494767676,-257.67227575121956,-263.9750149401004,-241.51743404376197
#.#......###@.#####rm.r.m0,-181.3005755901295,-184.21596219924876,-184.0110228021232,-186.27219336941533
#.##.#r#.##.@..#.#.##p#E.0,-308.688693191076,-297.36412967655247,-304.6654702630327,-299.94016079049163
#.#......###@.#####rm.r.m1,-167.33753698022167,-177.71653178415215,-173.83808541346804,-218.1597541188131
#.#......###@.#####rm.r.m2,9.888999828355505,-31.57835261629542,-42.69584071067575,-149.37034834664635
#.#......###@.#####rm.r.m3,-78.55951904296874,-68.4525,-69.24609375,-96.63411206054687
####......##@.##p..X##.##0,0.0,0.0,-2.5,0.0
#..#####.#..@..#..#.pm.X.1,36.78761685763958,32.526712089778115,-5.856249999999999,146.07642154168178
..#..#...##.@.##.#.m..#.#0,1.1985601547566649,-123.89460740566562,-134.40649696582634,-46.488309991876775
#..#####.#..@..#..#.pm.X.0,500.27788501937215,442.3292743946067,572.6688048955154,428.0049842821205
..#..#...##.@.##.#.m..#.#1,-91.6331992362063,-86.70851610184589,-84.18019038751152,-85.43979309375688
#r###...##.#@##.X.####r##0,471.2430083822551,427.4407558131814,646.0831305064478,518.8476089086196
..#..#...##.@.##.#.m..#.#2,154.7777821553281,237.03785356206447,187.58140697009412,155.57005502798796
..#..#...##.@.##.#.m..#.#3,-21.74625,-12.75,-31.85,-20.025
#r###...##.#@##.X.####r##1,-5.065239348785697,-15.3015625,286.53984937622334,-15.34825439453125
#.#....#.##.@.#.####..##.1,143.62394848253845,156.56601522835507,166.85315483482174,28.7068294567987
#.#....#.##.@.#.####..##.0,114.94051402913135,209.89422435938394,126.59916725262764,122.25926310304222
#.#....#.##.@.#.####..##.2,101.64523679164368,173.7345415066889,123.53562206981371,89.24087260455849
##..###...##@####.#.##...0,-133.98195681504268,-205.11385406599535,-205.4999773181368,-204.7764647718568
##..###...##@####.#.##...1,-106.15332758682007,-184.40855001735315,-175.45659788961717,-197.94268123438167
p#...###.##.@.###.#######1,-93.39265989079665,0.0,218.68426328410715,72.24212663006338
##..###...##@####.#.##...2,-20.65837876072965,-69.47917822162114,-82.11898879830045,-62.06779044381325
.#...###.##.@.###.#######0,210.06126652891027,70.11779327200244,256.1527994037768,39.58138215695983
.#...###.##.@.###.#######1,365.1495999688152,432.67683398375084,133.72798211259914,305.7546514881684
.#...###.##.@.###.#######2,189.70535019335705,361.86536209122016,21.722392855313462,65.20366836133056
.##.m.#.##..@.#.#.#..#E..0,-246.95502535323232,-242.50221660165712,-243.87020085849156,-194.7866213040972
#.###...##.#@##.X.####.##0,258.79195083400333,-10.5,456.68081510565594,-13.125
.....##..##.@.X##.##...##0,-6.9375,-1.5,-5.25,-3.5
.##.m.#.##..@.#.#.#..#E..2,-267.9375722217926,-267.56587408069436,-270.23333929547766,-268.9756815772038
.....##..##.@.X##.##...##1,-6.125,158.09167105393482,408.27009971762027,246.41716760728332
.##.m.#.##..@.#.#.#..#E..1,-348.6889634423576,-343.4069662717507,-345.03619218670593,-342.2776618006868
.##.m.#.##..@.#.#.#..#E..3,-206.32258740367735,-194.70500841424519,-206.03207672606504,-155.32981089423413
.....##..##.@.X##.##...##2,0.0,-1.5,0.0,114.42061794585047
##.####r#.##@..##m#.##p#E1,-157.7125099753743,-227.8035348794071,-303.1830114949625,-287.1876931626649
##.####r#.##@..##m#.##p#E2,-115.41764115534384,-181.03417302784487,-245.77952549335794,-191.9663808905274
p#p..###.##.@.###.#######0,264.7738455402402,426.4280225477101,172.40343997299397,200.99859952138735
..###..#####@##....#..#.#1,19.8468996517161,23.145666959475285,241.09942767374423,14.659019301469497
..###..#####@##....#..#.#0,377.2978787874562,377.17062389436944,449.04819520574586,381.1545614816409
.#p..###.##.@.###.#######1,80.79281476204646,111.50436847377628,133.54192293752988,-142.35211472975186
.#p..###.##.@.###.#######0,388.71233690036365,454.75412702882727,344.805607671297,345.0618420672405
....#.##...#@##....#m#.#.1,-218.6817428617992,-216.70262506644127,-193.84120479419863,-222.74779283508107
....#.##...#@##....#m#.#.0,-197.6637450410645,-170.04843928906251,-197.99863967645095,-183.70891180458986
....#.##...#@##....#m#.#.2,-139.58003515625,-139.36005078125,-150.77594512348688,-105.73265624999999
.#....#.#...@#.##...#r###3,-36.925234375,-17.0,-27.2625,-20.25
.#....#.#...@#.##...#r###2,112.1164065762876,66.37196305613307,111.48736619402271,41.95597580753321
.##.mr#r##.m@.#m#.#.p#E..2,-222.20549830776974,-273.4596615281897,-262.8137055382713,-227.1212547778724
.#....#.#...@#.##...#r###1,-130.4258237486904,-186.37883429550203,-181.45407832604576,-179.5729769348555
.##.mr#r##.m@.#m#.#.p#E..3,-211.2292077436309,-225.10908592505888,-230.22087433964867,-166.5852595018972
.#....#.#...@#.##...#r###0,-142.68520752969835,-179.41328726435637,-169.9885312483557,-172.8517922021257
.#....#.#...@#.##.m.#.###1,-129.82455142301046,-206.73480576008376,-197.06740173238884,-197.3466964693389
.#....#.#...@#.##.m.#.###2,70.80779632606539,29.831514228555854,20.401482845479233,14.259796019585206
.#r##....#.#@#.p#E..#####2,-209.67736424587537,-243.35084358549284,-251.6887073416024,-243.35578162759998
.#r##....#.#@#.p#E..#####1,-229.57026331633028,-258.0282570243984,-274.68740553664446,-256.527946972226
.#r##....#.#@#.p#E..#####0,-286.9002570053822,-291.7243492622539,-284.47975280584063,-286.85789152059886
##.####.#r##@..##.#.##p#E2,-164.32612808608667,-212.08087562289063,-204.3862531786503,-222.4694215177812
##..p#.###..@###.#.##E..#2,-123.36239629107169,-117.63391250000001,-125.9180609375,-148.82873735953277
##.####.#r##@..##.#.##p#E0,-294.87729421479173,-294.3622062046603,-254.63548583256605,-300.03277439349904
##.####.#r##@..##.#.##p#E1,-245.70148221507773,-215.2737415353091,-213.91184072706443,-226.550985887168
##..p#.###..@###.#.##E..#0,-230.46522368377487,-228.57227793783005,-241.81130663832909,-195.0778582726582
##..p#.###..@###.#.##E..#1,-261.0181203289096,-258.7583206286607,-260.3181952306445,-233.70295653121298
##.####r#r##@..##.#.##p#E0,-259.59707596218203,-269.1900267297345,-273.346193787884,-277.5065362617979
.#####r###..@##.#.##.X.##1,-13.323431460561512,-12.820088507979232,-40.199914516881634,438.6771172216676
##.####r#r##@..##.#.##p#E1,-248.72764188185005,-248.10530213028866,-209.75977879216157,-252.266461546196
#.###...##.#@##.X.####r##0,490.1119089859295,524.0088290409699,643.1516494860227,579.7318920476116
.#####r###..@##.#.##.X.##0,335.5496148075316,349.3428068315786,369.8109851412356,445.67957581593976
##.####r#r##@..##.#.##p#E2,-133.52440999000984,-165.59015629518183,-172.87068440754115,-160.69511889198034
#.###...##.#@##.X.####r##1,98.74463680481935,63.546702634426666,631.7378998005491,98.53139184226501
#.#.m..#.##.@.#.####..##.3,-42.958125,-25.231250000000003,-38.619375,-31.18125
#.#.m..#.##.@.#.####..##.1,-139.02482199866964,-129.66964658361383,-131.11461967561144,-133.85549482764384
#.#.m..#.##.@.#.####..##.2,68.99659801579564,194.09524643616962,125.71685248229818,51.99695360624107
#.#....#.##.@.#r####..##.2,75.26480101427612,159.20277657978892,128.26010654442814,103.64033239488117
#.#.m..#.##.@.#.####..##.0,-162.58485865435642,-96.78602763209896,-151.21477785701836,-153.3943982588559
#.#....#.##.@.#r####..##.1,-64.30429819995837,203.22665040925983,157.00090482217885,69.59520726854177
#.#....#.##.@.#r####..##.0,-56.41480234605385,217.92372020168222,166.24450501992195,116.41310138590747
###########.@###..##..###3,-100.67444372558595,-176.81813204236687,-87.09720732421874,-93.05993227223018
###########.@###..##..###1,-212.85734076606113,-214.29828318151425,-200.715550964666,-201.5965112874651
###..#..#..#@...#....#.#.3,-30.5375,-31.278750000000002,-25.6875,-39.37375
###########.@###..##..###2,-97.85194584688975,-91.50789151643933,-85.06273268751991,-52.385483855624756
###..#..#..#@...#....#.#.2,72.8738628952751,155.24310836813714,152.12311779431062,105.35247424328529
###..#..#..#@...#....#.#.1,-149.97434286600514,-93.38954193832112,-100.42696357144075,-126.37964647018134
###..#..#..#@...#....#.#.0,-146.03124381317883,-141.32457319892575,-19.20263498994798,-144.71187355218748
##..p#r###..@###.#.##E..#1,-115.51036718749998,-96.45675,-88.944375,-119.03450493164064
##..p#r###..@###.#.##E..#0,-164.57730921124585,-166.0127755748955,-221.30145127115978,-129.0490852919314
.#.#....#.##@m.#.###...##1,-198.11479301091106,-274.2456215144415,-200.83593194589218,-202.84085222242072
#p..X##.##..@###.########1,225.5617788895831,-20.671875,33.09024874284266,45.59794545452276
##...##.#.##@#E##########3,-157.67437237564621,-184.45716560367214,-171.42896486823622,-180.6116243599143
##...##.####@#.##...##m#.2,-52.10119827644114,-92.30386373507744,-206.7945949151843,-92.27477007783449
#p..X##.##..@###.########0,512.2207056469176,448.25454709050075,446.75444548329654,343.7658802437957
##...##.####@#.##...##m#.1,-124.28750365470019,-225.0461591309139,-284.02968410352685,-192.5738004926707
.#####.###..@##.#.##.X.##0,455.8097706689912,469.10826738787034,566.9371430523406,412.4772010959056
....m##..##p@.X##.##...##0,508.39598384875603,649.8759936330364,505.8238260646147,508.8686173767941
##...##.#.##@#E##########0,-196.94366226224497,-243.6904582110698,-243.70174451146207,-243.05454929975764
#####.#..#.#@.#...###..##3,-182.115156986113,-97.10360771484375,-58.824609375,-76.302734375
....m##..##p@.X##.##...##1,497.1213565307969,646.8599615415545,509.5533863638322,525.825463381442
##...##.####@#.##...##m#.0,-206.7989741598497,-216.32759826908585,-216.01634008220657,-226.10615747226223
##...##.#.##@#E##########1,-264.89419468102165,-324.0341136700017,-318.1556213765735,-347.85529582859
....m##..##p@.X##.##...##2,0.0,-1.5,0.0,263.1262398934508
#####.#..#.#@.#...###..##2,-57.983785420743864,-71.62537294384025,10.88320248088975,-61.403042200309145
##...##.#.##@#E##########2,-195.07687515378763,-207.96127569535872,-210.2084813344289,-205.32212555086798
#####.#..#.#@.#...###..##1,-192.4981448412941,-188.16407981768322,-183.33440887422424,-197.41337357929334
#.####.#..#.@#.##.#.#..#.0,-151.60839805043855,-151.70332582944485,-159.86312089078433,-165.44695851176073
#.####.#..#.@#.##.#.#..#.2,-92.40568853565463,-92.42036800883858,-53.84043690681112,-112.17360497453936
#.####.#..#.@#.##.#.#..#.1,-239.64256607412563,-230.5594143810859,-195.69203394703607,-235.0831453004986
####r....m##@.##pm.X##.##2,454.4246711062817,571.8108944579424,538.4731987310491,507.3462092362355
####r....m##@.##pm.X##.##3,0.0,0.0,-12.0,-12.0
.#####.###..@##.#.##.X.##1,45.460693189594394,152.63557667648314,521.3025126460313,36.71080931203574
####r....m##@.##pm.X##.##0,448.73236174079057,579.0702987880118,-365.32796105923603,502.68835136827346
.m..#m#m#.p#@..##########3,-252.45935109193204,-296.89342820077377,-303.0647338889365,-299.2564230936107
.#.#....#.##@m.#.###...##2,33.28505736632323,60.51954291210826,-4.439953018530208,7.921854047617471
####r....m##@.##pm.X##.##1,450.65483630027427,577.0578787543493,-337.33164651236643,496.60220565945394
......##...#@..###.##...#3,-16.625,-3.75,-13.125,-12.0
.##.mr#.##..@.#.#.#..#E..3,-183.69479806062012,-196.61922431777006,-183.61410838194487,-125.94552714192741
.##.mr#.##..@.#.#.#..#E..2,-222.03141031649488,-240.4056569287148,-226.36285710582223,-185.76002469347253
.##.mr#.##..@.#.#.#..#E..1,-257.37703496780193,-259.02721774493506,-259.96618746549507,-253.79809875106065
...##...##.#@...#.##.mp#.1,176.45881721226587,-9.75,0.0,122.46475112734683
##.####r#r##@..##.#.##.#E2,-98.89423789040416,-166.11183379793698,-161.612351204346,-172.43140009810907
......##...#@..###.##...#0,0.0,-3.175,0.0,0.0
...##...##.#@...#.##.mp#p2,73.89809347843862,149.62183413513276,190.51143734269647,50.72957203950624
##.####r#r##@..##.#.##.#E3,-71.16630323939775,-127.75342976746215,-128.02848224695984,-108.35543870298017
......##...#@..###.##...#1,408.01055540301445,554.8490643314808,426.3789305487539,415.4784839886057
...##...##.#@...#.##.mp#p1,267.9819121055491,370.8037706263661,266.3156694113112,308.1901505384827
......##...#@..###.##...#2,491.38348779132014,573.6304143742973,489.46264304117074,499.2006401338642
##.####r#r##@..##.#.##.#E1,-241.60870459308006,-240.13301188052702,-234.8524265001555,-236.20652013502607
...##...##.#@...#.##.mp#p0,264.629605478744,371.045292975091,260.56946774947914,307.4458558787858
..##...####.@..#.##...#pm0,289.2591555722903,380.9191194299141,309.7568110990168,297.27264643142036
..##...####.@..#.##...#pm1,339.9970226270842,402.2136666236846,340.00544610626355,315.0413828542768
..##...####.@..#.##...#pm2,316.32285017847437,390.78496209777984,258.40374627126306,259.2323227983716
..##...####.@.r#.##...#pm1,359.0058244248237,425.2824370918372,360.62545998201,316.08570647120854
..##...####.@.r#.##...#pm2,359.459596145644,424.20512064920405,356.80285181714794,307.2599023592885
m...#.##.mr#@##....#m#.#.1,-298.37516178687576,-312.5711340888475,-239.32014703260097,-302.96879409704945
m...#.##.mr#@##....#m#.#.2,-234.0809865856553,-237.2586814236484,-202.27293051296874,-242.11708499303714
...###.#.##E@.###########1,-351.20537199134696,-342.00320234059006,-343.31934961506045,-347.3695471932052
...###.#.##E@.###########0,-339.19934793933453,-333.8127946178628,-349.97468472871105,-336.2379720446042
...###.#.##E@.###########3,-271.14667961193607,-286.4655717506097,-267.07506937921545,-232.54015703610114
...###.#.##E@.###########2,-273.02635423932406,-285.7890846311302,-270.61176448145955,-268.5436076941743
###r#.....#.@#.p..X.#.##r0,53.40367580340676,0.0,0.0,0.0
..##...####.@.r#.##...#pm0,359.1387450287731,429.6047166091937,358.35045455979474,316.47932849423864
.#..#...###.@#####r#.r.m.1,-177.10570678886796,-181.22567239086044,-186.068789938882,-161.04035389800597
.#..#...###.@#####r#.r.m.0,-180.41043248201035,-177.6634292400597,-193.66454490483062,-182.63298293990266
.#..#...###.@#####r#.r.m.3,-52.659375,-67.48390625,-57.4828125,-60.077734375000006
.##...####..@...##...#pm.1,385.2672735371526,449.9025796213668,382.9612473854368,340.46068078311635
#r###...##.#@##.X.####.##0,369.05457241318936,0.0,306.6645793743106,151.9114825346631
.##...####..@...##...#pm.0,368.33770527019044,449.356251551028,357.11431201813053,309.30228138823117
.#..#...###.@#####r#.r.m.2,-0.2544324528881914,-42.20094607938526,-40.89795505103173,-10.250311917003714
.##...####..@...##...#pm.2,384.26924621723333,452.93955339548506,383.03021287133447,331.22643462501685
...##...##.#@m..#.##..p#p2,155.00134009332822,124.72594890539497,-12.75,180.1266534731027
...##...##.#@m..#.##..p#p0,-45.16887036521037,-365.36909718757124,-48.54082025679189,-45.172038137473436
...##...##.#@m..#.##..p#p1,102.69144621785549,-241.57164946772946,168.50201326193417,117.63446752849097
##.#.##...##@#.##p#E#####1,-256.72385104633565,-260.07123611592897,-191.1331646995027,-240.88637765657614
#..#####r#..@..#..#....X.1,-18.234375,-0.21771183836296348,-4.6875,-4.5
##.#.##...##@#.##p#E#####2,-207.3843911713983,-216.1122180291784,-187.41176446079498,-206.49208822176098
##.#.##...##@#.##p#E#####0,-332.28072886655013,-339.5027765472719,-269.1379714265437,-332.16842331955445
#######.#r##@.#..#..#...#2,14.633383515719439,36.76465740149827,14.7548356123102,20.5553926099373
#..#####r#..@..#..#....X.0,117.43015142003334,281.47037645099,-3.75,-7.875
#######.#r##@.#..#..#...#1,-189.70601646158696,-168.8632181904219,-195.11750984999154,-193.3178268886671
#######.#r##@.#..#..#...#0,-189.39623405751757,-189.1461759139471,-195.28963397336136,-192.347836107984
##.#.##...##@#.##.#E#####3,-128.72643002366397,-164.31865118146544,-177.72442405859175,-164.31814227459938
##.#.##...##@#.##.#E#####1,-252.1499399462599,-347.3135882464601,-344.312118357946,-322.1901853190916
##.#.##...##@#.##.#E#####2,-175.90360591585937,-254.52364304967975,-232.9967259680003,-244.09721808477386
##.#.##...##@#.##.#E#####0,-221.71302330682738,-229.1072931308048,-238.19329479954052,-238.37729942744505
